0.000000 0.001000 0.259000 0.000000 0.000000 0.000000 0.000000 0.001000 0.000000 0.000000 0.000000 0.000000 0.000000 0.000000 0.000000 0.193000 0.000000 0.546000 0.000000 0.000000
0.000000 0.000000 0.247000 0.000000 0.000000 0.000000 0.000000 0.000000 0.000000 0.000000 0.000000 0.000000 0.000000 0.000000 0.000000 0.102000 0.000000 0.651000 0.000000 0.000000
0.000000 0.007000 0.000000 0.000000 0.000000 0.000000 0.000000 0.000000 0.000000 0.000000 0.000000 0.000000 0.000000 0.000000 0.001000 0.084000 0.000000 0.908000 0.000000 0.000000
0.000000 0.105894 0.159840 0.000000 0.000000 0.000000 0.000000 0.000000 0.000000 0.000000 0.000000 0.000000 0.000000 0.000000 0.005994 0.048951 0.000000 0.679321 0.000000 0.000000
0.000000 0.090000 0.143000 0.000000 0.000000 0.000000 0.000000 0.000000 0.000000 0.000000 0.000000 0.000000 0.000000 0.000000 0.001000 0.088000 0.000000 0.678000 0.000000 0.000000
0.000000 0.294294 0.248248 0.000000 0.000000 0.000000 0.000000 0.000000 0.000000 0.000000 0.000000 0.000000 0.000000 0.000000 0.005005 0.059059 0.000000 0.393393 0.000000 0.000000
0.000000 0.152000 0.170000 0.000000 0.000000 0.000000 0.000000 0.000000 0.000000 0.000000 0.000000 0.000000 0.000000 0.000000 0.017000 0.032000 0.000000 0.629000 0.000000 0.000000
0.000000 0.010000 0.122000 0.000000 0.000000 0.000000 0.000000 0.000000 0.000000 0.000000 0.000000 0.000000 0.000000 0.000000 0.000000 0.432000 0.000000 0.436000 0.000000 0.000000
0.000000 0.020000 0.289000 0.000000 0.000000 0.000000 0.000000 0.000000 0.000000 0.000000 0.000000 0.000000 0.000000 0.000000 0.000000 0.263000 0.000000 0.428000 0.000000 0.000000
0.000000 0.093000 0.328000 0.000000 0.000000 0.000000 0.000000 0.000000 0.000000 0.000000 0.000000 0.000000 0.000000 0.000000 0.004000 0.053000 0.000000 0.522000 0.000000 0.000000
0.000000 0.121000 0.462000 0.000000 0.000000 0.000000 0.000000 0.000000 0.000000 0.000000 0.000000 0.000000 0.000000 0.000000 0.000000 0.223000 0.000000 0.194000 0.000000 0.000000
0.000000 0.036000 0.401000 0.000000 0.000000 0.000000 0.000000 0.000000 0.000000 0.000000 0.000000 0.000000 0.000000 0.000000 0.001000 0.089000 0.000000 0.473000 0.000000 0.000000
0.000000 0.017000 0.216000 0.000000 0.000000 0.000000 0.000000 0.000000 0.000000 0.000000 0.000000 0.000000 0.000000 0.000000 0.001000 0.255000 0.000000 0.511000 0.000000 0.000000
0.000000 0.032032 0.267267 0.000000 0.000000 0.000000 0.000000 0.000000 0.000000 0.000000 0.000000 0.000000 0.000000 0.000000 0.002002 0.206206 0.000000 0.492492 0.000000 0.000000
0.000000 0.052000 0.290000 0.000000 0.000000 0.000000 0.000000 0.000000 0.000000 0.000000 0.000000 0.000000 0.000000 0.000000 0.000000 0.060000 0.000000 0.598000 0.000000 0.000000
0.000000 0.024975 0.391608 0.000000 0.000000 0.000000 0.000000 0.000000 0.000000 0.000000 0.000000 0.000000 0.000000 0.000000 0.000000 0.008991 0.000000 0.574426 0.000000 0.000000
0.000000 0.008008 0.322322 0.000000 0.000000 0.000000 0.000000 0.000000 0.000000 0.000000 0.000000 0.000000 0.000000 0.000000 0.000000 0.105105 0.000000 0.564565 0.000000 0.000000
0.000000 0.188000 0.186000 0.000000 0.000000 0.000000 0.000000 0.000000 0.000000 0.000000 0.000000 0.000000 0.000000 0.000000 0.005000 0.618000 0.000000 0.003000 0.000000 0.000000
0.000000 0.126873 0.148851 0.000000 0.000000 0.000000 0.000000 0.000000 0.000000 0.000000 0.000000 0.000000 0.000000 0.000000 0.005994 0.028971 0.000000 0.689311 0.000000 0.000000
0.000000 0.177822 0.178821 0.000000 0.000000 0.000000 0.000000 0.000000 0.000000 0.000000 0.000000 0.000000 0.000000 0.000000 0.016983 0.031968 0.000000 0.594406 0.000000 0.000000
