0.000000 0.004004 0.699700 0.000000 0.000000 0.000000 0.000000 0.000000 0.000000 0.000000 0.000000 0.000000 0.000000 0.000000 0.004004 0.125125 0.000000 0.167167 0.000000 0.000000
0.000000 0.001998 0.376623 0.000000 0.000000 0.000000 0.000000 0.000000 0.000000 0.000000 0.000000 0.000000 0.000000 0.000000 0.004995 0.172827 0.000000 0.443556 0.000000 0.000000
0.000000 0.031000 0.000000 0.000000 0.000000 0.000000 0.000000 0.000000 0.000000 0.000000 0.000000 0.000000 0.000000 0.000000 0.001000 0.862000 0.000000 0.106000 0.000000 0.000000
0.000000 0.110889 0.051948 0.000000 0.000000 0.000000 0.000000 0.000999 0.000000 0.000000 0.000000 0.000000 0.000000 0.000000 0.002997 0.539461 0.000000 0.293706 0.000000 0.000000
0.000000 0.252000 0.061000 0.000000 0.000000 0.000000 0.000000 0.000000 0.000000 0.000000 0.000000 0.000000 0.000000 0.000000 0.010000 0.478000 0.000000 0.199000 0.000000 0.000000
0.000000 0.286000 0.149000 0.000000 0.000000 0.000000 0.000000 0.000000 0.000000 0.000000 0.000000 0.000000 0.000000 0.000000 0.002000 0.181000 0.000000 0.382000 0.000000 0.000000
0.000000 0.318000 0.124000 0.000000 0.000000 0.000000 0.000000 0.000000 0.000000 0.000000 0.000000 0.000000 0.000000 0.000000 0.002000 0.372000 0.000000 0.184000 0.000000 0.000000
0.000000 0.100899 0.233766 0.000000 0.000000 0.000000 0.000000 0.000000 0.000000 0.000000 0.000000 0.000000 0.000000 0.000000 0.015984 0.354645 0.000000 0.294705 0.000000 0.000000
0.000000 0.085914 0.548452 0.000000 0.000000 0.000000 0.000000 0.000000 0.000000 0.000000 0.000000 0.000000 0.000000 0.000000 0.001998 0.297702 0.000000 0.065934 0.000000 0.000000
0.000000 0.192807 0.218781 0.000000 0.000000 0.000000 0.000000 0.000000 0.000000 0.000000 0.000000 0.000000 0.000000 0.000000 0.000999 0.517483 0.000000 0.069930 0.000000 0.000000
0.000000 0.179000 0.192000 0.000000 0.000000 0.000000 0.000000 0.000000 0.000000 0.000000 0.000000 0.000000 0.000000 0.000000 0.002000 0.616000 0.000000 0.011000 0.000000 0.000000
0.000000 0.154000 0.671000 0.000000 0.000000 0.000000 0.000000 0.000000 0.000000 0.000000 0.000000 0.000000 0.000000 0.000000 0.002000 0.090000 0.000000 0.083000 0.000000 0.000000
0.000000 0.047952 0.585415 0.000000 0.000000 0.000000 0.000000 0.000000 0.000000 0.000000 0.000000 0.000000 0.000000 0.000000 0.002997 0.270729 0.000000 0.092907 0.000000 0.000000
0.000000 0.104000 0.248000 0.000000 0.000000 0.000000 0.000000 0.000000 0.000000 0.000000 0.000000 0.000000 0.000000 0.000000 0.006000 0.121000 0.000000 0.521000 0.000000 0.000000
0.000000 0.170170 0.122122 0.000000 0.000000 0.000000 0.000000 0.000000 0.000000 0.000000 0.000000 0.000000 0.000000 0.000000 0.000000 0.488488 0.000000 0.219219 0.000000 0.000000
0.000000 0.049000 0.724000 0.000000 0.000000 0.000000 0.000000 0.000000 0.000000 0.000000 0.000000 0.000000 0.000000 0.000000 0.006000 0.009000 0.000000 0.212000 0.000000 0.000000
0.000000 0.019019 0.366366 0.000000 0.000000 0.000000 0.000000 0.000000 0.000000 0.000000 0.000000 0.000000 0.000000 0.000000 0.008008 0.253253 0.000000 0.353353 0.000000 0.000000
0.000000 0.123123 0.046046 0.000000 0.000000 0.000000 0.000000 0.000000 0.000000 0.000000 0.000000 0.000000 0.000000 0.000000 0.004004 0.826827 0.000000 0.000000 0.000000 0.000000
0.000000 0.226000 0.188000 0.000000 0.000000 0.000000 0.000000 0.000000 0.000000 0.000000 0.000000 0.000000 0.000000 0.000000 0.001000 0.397000 0.000000 0.188000 0.000000 0.000000
0.000000 0.290290 0.327327 0.000000 0.000000 0.000000 0.000000 0.000000 0.000000 0.000000 0.000000 0.000000 0.000000 0.000000 0.002002 0.210210 0.000000 0.170170 0.000000 0.000000
