0.000000 0.101124 0.021067 0.000468 0.023408 0.014045 0.037921 0.247191 0.022004 0.002809 0.027622 0.026685 0.000000 0.095506 0.307584 0.026217 0.035112 0.011236 0.000000 0.000000
0.001410 0.016925 0.054537 0.009873 0.064880 0.020686 0.086507 0.149036 0.020686 0.008463 0.028679 0.023037 0.012224 0.064880 0.277386 0.054537 0.092619 0.013634 0.000000 0.000000
0.139391 0.250000 0.000822 0.000822 0.125000 0.054688 0.224095 0.002878 0.002878 0.000411 0.005757 0.013980 0.009457 0.039885 0.072780 0.000822 0.046875 0.009457 0.000000 0.000000
0.073116 0.201516 0.122604 0.019171 0.102987 0.068658 0.076237 0.098083 0.008471 0.001783 0.003567 0.015604 0.004904 0.043691 0.094962 0.012929 0.040571 0.011146 0.000000 0.000000
0.191803 0.161066 0.061475 0.017213 0.024590 0.064754 0.176639 0.047951 0.007377 0.002049 0.003279 0.023770 0.004508 0.072131 0.061475 0.020902 0.045082 0.013934 0.000000 0.000000
0.034900 0.146114 0.067008 0.035365 0.144253 0.014891 0.090740 0.132620 0.003257 0.005119 0.012564 0.025593 0.006049 0.057236 0.118195 0.034900 0.060028 0.011168 0.000000 0.000000
0.051161 0.121743 0.101374 0.057793 0.113690 0.043108 0.004263 0.088110 0.018475 0.010895 0.036476 0.040265 0.010895 0.094742 0.119848 0.004263 0.066319 0.016580 0.000000 0.000000
0.133003 0.186204 0.059062 0.004959 0.038774 0.076646 0.210099 0.000000 0.010821 0.005410 0.008115 0.032011 0.002705 0.008115 0.190712 0.005861 0.018936 0.008566 0.000000 0.000000
0.005138 0.354507 0.014479 0.000934 0.002802 0.011210 0.032228 0.208314 0.000467 0.007473 0.006072 0.007940 0.000000 0.042504 0.280243 0.004204 0.005138 0.016348 0.000000 0.000000
0.146531 0.213061 0.046939 0.011020 0.012653 0.110204 0.077551 0.102857 0.006939 0.002449 0.001633 0.066531 0.002857 0.038367 0.098367 0.001224 0.039184 0.021633 0.000000 0.000000
0.097033 0.205841 0.095619 0.001413 0.010834 0.059350 0.056995 0.053698 0.027791 0.015544 0.000471 0.067358 0.000942 0.054169 0.136128 0.001884 0.032030 0.082902 0.000000 0.000000
0.009650 0.214322 0.007618 0.002031 0.026917 0.008634 0.036567 0.160488 0.034027 0.017268 0.015744 0.013205 0.000508 0.098527 0.277806 0.034027 0.025394 0.017268 0.000000 0.000000
0.002705 0.266005 0.041028 0.002254 0.045086 0.045987 0.102344 0.100090 0.017583 0.004058 0.008566 0.024797 0.000451 0.077096 0.211903 0.027051 0.005410 0.017583 0.000000 0.000000
0.049011 0.155576 0.061601 0.017086 0.071942 0.058453 0.156475 0.013489 0.011241 0.003597 0.022482 0.051709 0.001799 0.040468 0.227518 0.028777 0.022482 0.006295 0.000000 0.000000
0.024540 0.255309 0.069372 0.009910 0.075507 0.113261 0.140632 0.075035 0.040585 0.006135 0.025956 0.057102 0.003303 0.039169 0.000000 0.022652 0.028315 0.013214 0.000000 0.000000
0.036032 0.154359 0.014680 0.004893 0.040925 0.018683 0.084964 0.103648 0.015125 0.008452 0.036032 0.036922 0.004004 0.097420 0.249555 0.039591 0.048932 0.005783 0.000000 0.000000
0.002157 0.239862 0.040984 0.003020 0.076359 0.091458 0.117774 0.032355 0.014236 0.002157 0.007765 0.034513 0.000000 0.074202 0.165229 0.060397 0.001294 0.036238 0.000000 0.000000
0.183729 0.212980 0.094607 0.000914 0.033364 0.027422 0.218007 0.041590 0.003656 0.005484 0.000457 0.042048 0.001828 0.027879 0.087751 0.000457 0.016910 0.000914 0.000000 0.000000
0.072662 0.140506 0.060217 0.003212 0.113208 0.155761 0.109193 0.082296 0.023685 0.005219 0.016459 0.045765 0.005219 0.013649 0.064633 0.002007 0.079888 0.006423 0.000000 0.000000
0.088510 0.129517 0.051157 0.004872 0.085668 0.127893 0.116119 0.145351 0.017458 0.002842 0.004872 0.045879 0.012586 0.027203 0.056029 0.006090 0.072270 0.005684 0.000000 0.000000
