0.047931 0.374846 0.001639 0.000819 0.004097 0.002868 0.008603 0.070873 0.040147 0.000819 0.050389 0.246620 0.024580 0.006964 0.055715 0.000410 0.060221 0.002458 0.000000 0.000000
0.167917 0.167083 0.008750 0.004167 0.013750 0.010000 0.015417 0.209583 0.004583 0.003333 0.030833 0.189583 0.042917 0.012500 0.100417 0.001250 0.016250 0.001667 0.000000 0.000000
0.342570 0.105622 0.000803 0.000000 0.136145 0.004016 0.047791 0.199197 0.000402 0.000402 0.004418 0.004016 0.000000 0.069076 0.081526 0.000000 0.002811 0.001205 0.000000 0.000000
0.281874 0.099389 0.015479 0.022811 0.050102 0.068024 0.172709 0.198778 0.001629 0.000407 0.001222 0.006517 0.001222 0.007332 0.059878 0.000815 0.010183 0.001629 0.000000 0.000000
0.155573 0.079391 0.018043 0.082598 0.023256 0.025261 0.106656 0.216921 0.000802 0.000000 0.001203 0.036488 0.001203 0.062951 0.150361 0.002807 0.030072 0.006415 0.000000 0.000000
0.499792 0.031133 0.008302 0.005812 0.033624 0.051889 0.135741 0.178497 0.000415 0.000415 0.001245 0.004151 0.000415 0.001660 0.032379 0.001660 0.012453 0.000415 0.000000 0.000000
0.658556 0.013788 0.008921 0.018248 0.006488 0.042174 0.005677 0.211679 0.001217 0.000000 0.002839 0.005272 0.001622 0.002028 0.007299 0.000406 0.012976 0.000811 0.000000 0.000000
0.086440 0.099549 0.083163 0.000000 0.033593 0.023351 0.102827 0.015567 0.000819 0.000410 0.022122 0.037280 0.000410 0.469070 0.014338 0.000819 0.007784 0.002458 0.000000 0.000000
0.502026 0.069287 0.002836 0.000810 0.000000 0.001621 0.003241 0.094408 0.040924 0.003241 0.111021 0.072123 0.000000 0.002431 0.064019 0.000405 0.026742 0.004862 0.000000 0.000000
0.257583 0.041195 0.002263 0.001811 0.000905 0.039837 0.033047 0.515618 0.000000 0.000000 0.001358 0.016750 0.000000 0.001358 0.084654 0.000000 0.003169 0.000453 0.000000 0.000000
0.160833 0.168401 0.006623 0.001419 0.001419 0.008515 0.009461 0.504730 0.001419 0.002365 0.000946 0.044939 0.000473 0.005203 0.060549 0.000000 0.002365 0.020341 0.000000 0.000000
0.334172 0.025157 0.000000 0.000419 0.000000 0.002096 0.003354 0.337945 0.046960 0.002935 0.021803 0.041929 0.000000 0.001258 0.156394 0.000839 0.023480 0.001258 0.000000 0.000000
0.390264 0.148884 0.008519 0.000000 0.004057 0.007708 0.011765 0.186207 0.024341 0.000811 0.022718 0.012576 0.000406 0.015010 0.136308 0.001623 0.016227 0.012576 0.000000 0.000000
0.227254 0.119543 0.014280 0.007752 0.025296 0.017544 0.059976 0.117911 0.004080 0.000816 0.017952 0.032640 0.007752 0.231742 0.063647 0.004896 0.044064 0.002856 0.000000 0.000000
0.264487 0.084023 0.013659 0.001242 0.012003 0.060844 0.031043 0.394040 0.012417 0.001242 0.004139 0.030629 0.000414 0.009106 0.000000 0.002070 0.078228 0.000414 0.000000 0.000000
0.199021 0.173328 0.002447 0.000816 0.003263 0.008157 0.020799 0.212887 0.016313 0.004894 0.016313 0.135808 0.010604 0.050571 0.042414 0.040375 0.060359 0.001631 0.000000 0.000000
0.342559 0.245086 0.005215 0.003610 0.001604 0.014039 0.012836 0.246691 0.004412 0.000401 0.014440 0.004412 0.000802 0.012034 0.070197 0.000401 0.006819 0.014440 0.000000 0.000000
0.138316 0.057131 0.003436 0.000000 0.014605 0.008162 0.071735 0.557560 0.000859 0.000859 0.000000 0.042096 0.000000 0.006014 0.097938 0.000000 0.000859 0.000430 0.000000 0.000000
0.530242 0.020161 0.001613 0.001210 0.016532 0.027016 0.009677 0.331452 0.012903 0.000000 0.002419 0.027419 0.000000 0.000403 0.006048 0.000403 0.011694 0.000806 0.000000 0.000000
0.462171 0.041530 0.003701 0.002467 0.033717 0.044408 0.028783 0.285773 0.003289 0.000411 0.001234 0.023026 0.010691 0.004112 0.030839 0.000822 0.020559 0.002467 0.000000 0.000000
