0.000000 0.958000 0.006000 0.000000 0.000000 0.000000 0.000000 0.006000 0.000000 0.000000 0.000000 0.000000 0.000000 0.000000 0.021000 0.006000 0.000000 0.003000 0.000000 0.000000
0.000000 0.789000 0.032000 0.000000 0.000000 0.000000 0.000000 0.096000 0.000000 0.000000 0.000000 0.000000 0.000000 0.000000 0.068000 0.009000 0.000000 0.006000 0.000000 0.000000
0.000000 0.189189 0.122122 0.000000 0.000000 0.000000 0.000000 0.509510 0.000000 0.000000 0.000000 0.000000 0.000000 0.000000 0.138138 0.000000 0.000000 0.041041 0.000000 0.000000
0.000000 0.422577 0.322677 0.000000 0.000000 0.000000 0.000000 0.065934 0.000000 0.000000 0.000000 0.000000 0.000000 0.000000 0.166833 0.002997 0.000000 0.018981 0.000000 0.000000
0.000000 0.127127 0.424424 0.000000 0.000000 0.000000 0.000000 0.239239 0.000000 0.000000 0.000000 0.000000 0.000000 0.000000 0.070070 0.003003 0.000000 0.136136 0.000000 0.000000
0.000000 0.167832 0.161838 0.000000 0.000000 0.000000 0.000000 0.072927 0.000000 0.000000 0.000000 0.000000 0.000000 0.000000 0.577423 0.002997 0.000000 0.016983 0.000000 0.000000
0.000000 0.096096 0.213213 0.000000 0.000000 0.000000 0.000000 0.040040 0.000000 0.000000 0.000000 0.000000 0.000000 0.000000 0.554555 0.000000 0.000000 0.096096 0.000000 0.000000
0.000000 0.114114 0.729730 0.000000 0.000000 0.000000 0.000000 0.069069 0.000000 0.000000 0.000000 0.000000 0.000000 0.000000 0.016016 0.007007 0.000000 0.064064 0.000000 0.000000
0.000000 0.306000 0.081000 0.000000 0.000000 0.000000 0.000000 0.000000 0.000000 0.000000 0.000000 0.000000 0.000000 0.000000 0.242000 0.016000 0.000000 0.355000 0.000000 0.000000
0.000000 0.120879 0.036963 0.000000 0.000000 0.000000 0.000000 0.030969 0.000000 0.000000 0.000000 0.000000 0.000000 0.000000 0.340659 0.000000 0.000000 0.470529 0.000000 0.000000
0.000000 0.222777 0.058941 0.000000 0.000000 0.000000 0.000000 0.043956 0.000000 0.000000 0.000000 0.000000 0.000000 0.000000 0.211788 0.000000 0.000000 0.462537 0.000000 0.000000
0.000000 0.044955 0.012987 0.000000 0.000000 0.000000 0.000000 0.012987 0.000000 0.000000 0.000000 0.000000 0.000000 0.000000 0.853147 0.000000 0.000000 0.075924 0.000000 0.000000
0.000000 0.238238 0.174174 0.000000 0.000000 0.000000 0.000000 0.145145 0.000000 0.000000 0.000000 0.000000 0.000000 0.000000 0.198198 0.006006 0.000000 0.238238 0.000000 0.000000
0.000000 0.493493 0.069069 0.000000 0.000000 0.000000 0.000000 0.330330 0.000000 0.000000 0.000000 0.000000 0.000000 0.000000 0.035035 0.035035 0.000000 0.037037 0.000000 0.000000
0.000000 0.025025 0.014014 0.000000 0.000000 0.000000 0.000000 0.004004 0.000000 0.000000 0.000000 0.000000 0.000000 0.000000 0.953954 0.001001 0.000000 0.002002 0.000000 0.000000
0.000000 0.353000 0.010000 0.000000 0.000000 0.000000 0.000000 0.124000 0.000000 0.000000 0.000000 0.000000 0.000000 0.000000 0.007000 0.494000 0.000000 0.012000 0.000000 0.000000
0.000000 0.320679 0.044955 0.000000 0.000000 0.000000 0.000000 0.309690 0.000000 0.000000 0.000000 0.000000 0.000000 0.000000 0.151848 0.005994 0.000000 0.166833 0.000000 0.000000
0.000000 0.015015 0.301301 0.000000 0.000000 0.000000 0.000000 0.011011 0.000000 0.000000 0.000000 0.000000 0.000000 0.000000 0.013013 0.000000 0.000000 0.659660 0.000000 0.000000
0.000000 0.019000 0.000000 0.000000 0.000000 0.000000 0.000000 0.010000 0.000000 0.000000 0.000000 0.000000 0.000000 0.000000 0.893000 0.000000 0.000000 0.078000 0.000000 0.000000
0.000000 0.211000 0.039000 0.000000 0.000000 0.000000 0.000000 0.066000 0.000000 0.000000 0.000000 0.000000 0.000000 0.000000 0.487000 0.000000 0.000000 0.197000 0.000000 0.000000
