0.011779 0.885865 0.000000 0.000000 0.000000 0.000000 0.000000 0.000000 0.000000 0.000000 0.000000 0.000000 0.000000 0.000000 0.000000 0.000000 0.102356 0.000000 0.000000 0.000000
0.246400 0.098800 0.000000 0.000000 0.000000 0.000000 0.000000 0.579200 0.000000 0.000000 0.000000 0.075600 0.000000 0.000000 0.000000 0.000000 0.000000 0.000000 0.000000 0.000000
0.826400 0.000000 0.003200 0.000000 0.000000 0.000000 0.000000 0.068000 0.000000 0.000000 0.000000 0.000000 0.000000 0.102400 0.000000 0.000000 0.000000 0.000000 0.000000 0.000000
0.445600 0.000000 0.000000 0.028000 0.000000 0.000000 0.344400 0.182000 0.000000 0.000000 0.000000 0.000000 0.000000 0.000000 0.000000 0.000000 0.000000 0.000000 0.000000 0.000000
0.000000 0.000000 0.000000 0.000000 0.136400 0.000000 0.000000 0.254000 0.000000 0.000000 0.000000 0.000000 0.000000 0.093200 0.516400 0.000000 0.000000 0.000000 0.000000 0.000000
0.512000 0.000000 0.000000 0.000000 0.000000 0.158400 0.015200 0.314400 0.000000 0.000000 0.000000 0.000000 0.000000 0.000000 0.000000 0.000000 0.000000 0.000000 0.000000 0.000000
0.612000 0.000000 0.000000 0.000000 0.000000 0.016800 0.000000 0.371200 0.000000 0.000000 0.000000 0.000000 0.000000 0.000000 0.000000 0.000000 0.000000 0.000000 0.000000 0.000000
0.732800 0.000000 0.000000 0.000000 0.000000 0.000000 0.000000 0.002800 0.000000 0.000000 0.000000 0.000000 0.000000 0.178400 0.000000 0.000000 0.086000 0.000000 0.000000 0.000000
0.812000 0.000000 0.000000 0.000000 0.000000 0.000000 0.000000 0.000000 0.084400 0.000000 0.000000 0.000000 0.000000 0.000000 0.000000 0.000000 0.103600 0.000000 0.000000 0.000000
0.000000 0.000000 0.000000 0.000000 0.000000 0.000000 0.000000 0.998400 0.000000 0.000000 0.000000 0.000000 0.000000 0.000000 0.000000 0.000000 0.000000 0.000000 0.001200 0.000400
0.369600 0.000000 0.000000 0.000000 0.000000 0.000000 0.000000 0.569600 0.000000 0.000000 0.000000 0.060800 0.000000 0.000000 0.000000 0.000000 0.000000 0.000000 0.000000 0.000000
0.860000 0.000000 0.000000 0.000000 0.000000 0.000000 0.000000 0.000000 0.000000 0.000000 0.000000 0.036400 0.000000 0.000000 0.000000 0.000000 0.103600 0.000000 0.000000 0.000000
0.260400 0.000000 0.000000 0.000000 0.000000 0.000000 0.000000 0.739600 0.000000 0.000000 0.000000 0.000000 0.000000 0.000000 0.000000 0.000000 0.000000 0.000000 0.000000 0.000000
0.813600 0.000000 0.000000 0.000000 0.000000 0.000000 0.000000 0.037600 0.000000 0.000000 0.000000 0.000000 0.000000 0.102400 0.000000 0.000000 0.046400 0.000000 0.000000 0.000000
0.384000 0.000000 0.000000 0.000000 0.000000 0.000000 0.000000 0.487600 0.000000 0.000000 0.000000 0.000000 0.000000 0.000000 0.000000 0.000000 0.128400 0.000000 0.000000 0.000000
0.756833 0.000000 0.000000 0.000000 0.000000 0.000000 0.000000 0.000000 0.000000 0.000000 0.000000 0.118569 0.000000 0.000000 0.000000 0.000000 0.124598 0.000000 0.000000 0.000000
0.396000 0.000000 0.000000 0.000000 0.000000 0.000000 0.000000 0.604000 0.000000 0.000000 0.000000 0.000000 0.000000 0.000000 0.000000 0.000000 0.000000 0.000000 0.000000 0.000000
0.000000 0.000000 0.000000 0.000000 0.000000 0.000000 0.000000 0.643600 0.000000 0.000000 0.000000 0.000000 0.000000 0.000000 0.356400 0.000000 0.000000 0.000000 0.000000 0.000000
0.441600 0.000000 0.000000 0.000000 0.000000 0.000000 0.000000 0.558400 0.000000 0.000000 0.000000 0.000000 0.000000 0.000000 0.000000 0.000000 0.000000 0.000000 0.000000 0.000000
0.412800 0.000000 0.000000 0.000000 0.000000 0.000000 0.000000 0.586800 0.000000 0.000000 0.000000 0.000000 0.000000 0.000000 0.000000 0.000000 0.000000 0.000000 0.000000 0.000400
