0.000000 0.000000 0.494800 0.000000 0.000000 0.426800 0.000000 0.000000 0.000000 0.028400 0.000000 0.000000 0.000000 0.000000 0.000000 0.000000 0.000000 0.050000 0.000000 0.000000
0.000000 0.000000 0.436000 0.050400 0.000000 0.381600 0.000000 0.000000 0.000000 0.000000 0.000000 0.000000 0.000000 0.000000 0.000000 0.000000 0.000000 0.132000 0.000000 0.000000
0.000000 0.000000 0.000000 0.323600 0.000000 0.000000 0.000000 0.000000 0.139200 0.000000 0.000000 0.000000 0.000000 0.000000 0.000000 0.360000 0.000000 0.177200 0.000000 0.000000
0.000000 0.000000 0.000000 0.000000 0.000000 0.000000 0.000000 0.000000 0.082000 0.000000 0.060400 0.000000 0.000000 0.000000 0.000000 0.397600 0.000000 0.460000 0.000000 0.000000
0.000000 0.000000 0.000000 0.000000 0.000000 0.000000 0.000000 0.000000 0.147287 0.000000 0.000000 0.000000 0.000000 0.000000 0.000000 0.472384 0.000000 0.339147 0.041182 0.000000
0.000000 0.000000 0.000000 0.000000 0.000000 0.000000 0.000000 0.000000 0.099200 0.214400 0.419200 0.000000 0.000000 0.000000 0.000000 0.267200 0.000000 0.000000 0.000000 0.000000
0.000000 0.890400 0.060000 0.000000 0.000000 0.000000 0.000000 0.000000 0.010400 0.000000 0.000000 0.000000 0.000000 0.000000 0.000000 0.000000 0.000000 0.039200 0.000000 0.000000
0.000000 0.000000 0.000000 0.000000 0.000000 0.541200 0.000000 0.000000 0.000000 0.102800 0.000000 0.000000 0.000000 0.000000 0.000000 0.245200 0.000000 0.110800 0.000000 0.000000
0.000000 0.000000 0.000000 0.000000 0.640400 0.154000 0.000000 0.000000 0.000000 0.168800 0.000000 0.000000 0.000000 0.000000 0.000000 0.036800 0.000000 0.000000 0.000000 0.000000
0.000000 0.000000 0.000000 0.192554 0.413131 0.000000 0.000000 0.000000 0.394315 0.000000 0.000000 0.000000 0.000000 0.000000 0.000000 0.000000 0.000000 0.000000 0.000000 0.000000
0.000000 0.000000 0.000000 0.000000 0.664000 0.286000 0.014800 0.000000 0.000000 0.000000 0.000000 0.000000 0.000000 0.000000 0.000000 0.035200 0.000000 0.000000 0.000000 0.000000
0.000000 0.000000 0.051600 0.000000 0.209600 0.733200 0.000000 0.000000 0.000000 0.000000 0.000000 0.000000 0.000000 0.000000 0.000000 0.000000 0.000000 0.005600 0.000000 0.000000
0.000000 0.000000 0.396000 0.000000 0.000000 0.544000 0.000000 0.000000 0.000000 0.029200 0.000000 0.000000 0.000000 0.000000 0.000000 0.000000 0.000000 0.030800 0.000000 0.000000
0.000000 0.000000 0.742400 0.012400 0.000000 0.217200 0.000000 0.000000 0.000000 0.028000 0.000000 0.000000 0.000000 0.000000 0.000000 0.000000 0.000000 0.000000 0.000000 0.000000
0.000000 0.000000 0.146400 0.218800 0.000000 0.000000 0.000000 0.000000 0.000000 0.000000 0.000000 0.000000 0.000000 0.000000 0.000000 0.246800 0.000000 0.388000 0.000000 0.000000
0.000000 0.000000 0.418800 0.000000 0.000000 0.486000 0.000000 0.000000 0.000000 0.048800 0.000000 0.000000 0.000000 0.000000 0.000000 0.000000 0.000000 0.046400 0.000000 0.000000
0.000000 0.000000 0.346400 0.117200 0.000000 0.399200 0.000000 0.000000 0.000000 0.000000 0.000000 0.000000 0.000000 0.000000 0.000000 0.000000 0.000000 0.137200 0.000000 0.000000
0.000000 0.000000 0.000000 0.308523 0.000000 0.673069 0.000000 0.000000 0.018407 0.000000 0.000000 0.000000 0.000000 0.000000 0.000000 0.000000 0.000000 0.000000 0.000000 0.000000
0.000000 0.000000 0.254800 0.410400 0.000000 0.000000 0.000000 0.000000 0.000000 0.000000 0.000000 0.000000 0.000000 0.134000 0.000000 0.000000 0.000000 0.200800 0.000000 0.000000
0.000000 0.000000 0.328000 0.000000 0.000000 0.000000 0.000000 0.000000 0.000000 0.000000 0.000000 0.000000 0.000000 0.016000 0.000000 0.130000 0.000000 0.526000 0.000000 0.000000
