0.000000 0.000000 0.509600 0.000000 0.103600 0.318400 0.000000 0.000000 0.000000 0.068400 0.000000 0.000000 0.000000 0.000000 0.000000 0.000000 0.000000 0.000000 0.000000 0.000000
0.000000 0.000000 0.339200 0.001200 0.022000 0.637600 0.000000 0.000000 0.000000 0.000000 0.000000 0.000000 0.000000 0.000000 0.000000 0.000000 0.000000 0.000000 0.000000 0.000000
0.000000 0.000000 0.000000 0.212400 0.000000 0.587600 0.000000 0.000000 0.178000 0.000000 0.000000 0.000000 0.000000 0.000000 0.000000 0.000000 0.000000 0.022000 0.000000 0.000000
0.000000 0.000000 0.000000 0.000000 0.000000 0.000000 0.000000 0.000000 0.049894 0.000000 0.000000 0.050317 0.000000 0.000000 0.000000 0.224101 0.000000 0.675687 0.000000 0.000000
0.000000 0.000000 0.000000 0.000000 0.000000 0.000000 0.000000 0.000000 0.170000 0.000000 0.000000 0.000000 0.000000 0.000000 0.000000 0.000000 0.000000 0.610000 0.108000 0.112000
0.000000 0.000000 0.783200 0.000000 0.000000 0.000000 0.000000 0.000000 0.026800 0.098800 0.000000 0.000000 0.000000 0.000000 0.000000 0.091200 0.000000 0.000000 0.000000 0.000000
0.000000 0.309200 0.674400 0.000000 0.000000 0.000000 0.000000 0.000000 0.012000 0.004400 0.000000 0.000000 0.000000 0.000000 0.000000 0.000000 0.000000 0.000000 0.000000 0.000000
0.000000 0.000000 0.000000 0.000000 0.000000 0.862400 0.000000 0.000000 0.006000 0.000000 0.000000 0.000000 0.000000 0.000000 0.000000 0.033200 0.000000 0.098400 0.000000 0.000000
0.000000 0.000000 0.441600 0.000000 0.000000 0.371200 0.000000 0.000000 0.000000 0.068800 0.000000 0.000000 0.000000 0.000000 0.000000 0.118400 0.000000 0.000000 0.000000 0.000000
0.000000 0.000000 0.000000 0.650909 0.000000 0.000000 0.000000 0.000000 0.097778 0.000000 0.000000 0.000000 0.000000 0.251313 0.000000 0.000000 0.000000 0.000000 0.000000 0.000000
0.000000 0.000000 0.000000 0.000000 0.316800 0.662400 0.020800 0.000000 0.000000 0.000000 0.000000 0.000000 0.000000 0.000000 0.000000 0.000000 0.000000 0.000000 0.000000 0.000000
0.000000 0.000000 0.000000 0.000000 0.462000 0.465200 0.000000 0.000000 0.000000 0.000000 0.000000 0.000000 0.000000 0.000000 0.000000 0.072000 0.000000 0.000800 0.000000 0.000000
0.000000 0.000000 0.133200 0.000000 0.000000 0.752400 0.000000 0.000000 0.000000 0.000000 0.000000 0.000000 0.000000 0.000000 0.000000 0.059600 0.000000 0.054800 0.000000 0.000000
0.000000 0.000000 0.470800 0.004400 0.000000 0.472800 0.000000 0.000000 0.000000 0.000000 0.000000 0.000000 0.000000 0.000000 0.000000 0.052000 0.000000 0.000000 0.000000 0.000000
0.000000 0.000000 0.179200 0.359600 0.000000 0.000000 0.000000 0.000000 0.000000 0.000000 0.000000 0.000000 0.000000 0.113600 0.000000 0.000000 0.000000 0.347600 0.000000 0.000000
0.000000 0.000000 0.447600 0.000000 0.058400 0.404800 0.000000 0.000000 0.000000 0.089200 0.000000 0.000000 0.000000 0.000000 0.000000 0.000000 0.000000 0.000000 0.000000 0.000000
0.000000 0.000000 0.047200 0.000000 0.233600 0.684400 0.000000 0.000000 0.000000 0.000000 0.000000 0.000000 0.000000 0.000000 0.000000 0.000000 0.000000 0.034800 0.000000 0.000000
0.000000 0.000000 0.000000 0.000000 0.000000 0.999200 0.000000 0.000000 0.000800 0.000000 0.000000 0.000000 0.000000 0.000000 0.000000 0.000000 0.000000 0.000000 0.000000 0.000000
0.000000 0.000000 0.263200 0.000000 0.000000 0.000000 0.000000 0.000000 0.234800 0.000000 0.000000 0.000000 0.000000 0.029600 0.000000 0.000000 0.000000 0.472400 0.000000 0.000000
0.000000 0.000000 0.325600 0.000000 0.000000 0.000000 0.000000 0.000000 0.198400 0.000000 0.000000 0.000000 0.000000 0.024000 0.000000 0.000000 0.000000 0.452000 0.000000 0.000000
