0.000000 0.813080 0.000000 0.000000 0.000000 0.000000 0.000000 0.000000 0.000000 0.000000 0.000000 0.102140 0.000000 0.000000 0.000000 0.000000 0.084780 0.000000 0.000000 0.000000
0.000000 0.221004 0.000000 0.000000 0.000000 0.000000 0.000000 0.679882 0.000000 0.000000 0.000000 0.099114 0.000000 0.000000 0.000000 0.000000 0.000000 0.000000 0.000000 0.000000
0.517600 0.000000 0.000000 0.000000 0.000000 0.000000 0.000000 0.111200 0.000000 0.000000 0.000000 0.000000 0.000000 0.231600 0.139600 0.000000 0.000000 0.000000 0.000000 0.000000
0.820000 0.000000 0.000000 0.033200 0.067600 0.000000 0.000000 0.079200 0.000000 0.000000 0.000000 0.000000 0.000000 0.000000 0.000000 0.000000 0.000000 0.000000 0.000000 0.000000
0.000000 0.000000 0.000000 0.000000 0.000000 0.000000 0.000000 0.228000 0.000000 0.000000 0.000000 0.000000 0.000000 0.171200 0.451600 0.000000 0.149200 0.000000 0.000000 0.000000
0.358800 0.000000 0.000000 0.000000 0.000000 0.000000 0.508000 0.126000 0.000000 0.000000 0.000000 0.000000 0.000000 0.000000 0.000000 0.000000 0.007200 0.000000 0.000000 0.000000
0.560400 0.000000 0.000000 0.000000 0.000000 0.228000 0.000000 0.210400 0.000000 0.000000 0.000000 0.000000 0.000000 0.000000 0.000000 0.000000 0.001200 0.000000 0.000000 0.000000
0.551200 0.000000 0.000000 0.000000 0.000000 0.000000 0.000000 0.000000 0.000000 0.000000 0.000000 0.000000 0.000000 0.388800 0.000000 0.000000 0.060000 0.000000 0.000000 0.000000
0.842346 0.000000 0.000000 0.000000 0.000000 0.000000 0.000000 0.000000 0.006656 0.000000 0.000000 0.016223 0.000000 0.000000 0.000000 0.000000 0.134775 0.000000 0.000000 0.000000
0.340139 0.000000 0.000000 0.000000 0.000000 0.000000 0.000000 0.658228 0.000000 0.000000 0.000000 0.000000 0.000000 0.000000 0.000000 0.000000 0.000000 0.000000 0.000000 0.001633
0.314000 0.000000 0.000000 0.000000 0.000000 0.000000 0.000000 0.290000 0.000000 0.000000 0.000000 0.083600 0.000000 0.000000 0.000000 0.000000 0.000000 0.312400 0.000000 0.000000
0.000000 0.000000 0.000000 0.000000 0.000000 0.000000 0.000000 0.993200 0.000000 0.000000 0.000000 0.000000 0.000000 0.000000 0.000000 0.000000 0.006800 0.000000 0.000000 0.000000
0.272000 0.000000 0.000000 0.000000 0.000000 0.000000 0.000000 0.726400 0.001600 0.000000 0.000000 0.000000 0.000000 0.000000 0.000000 0.000000 0.000000 0.000000 0.000000 0.000000
0.605781 0.000000 0.000000 0.000000 0.000000 0.000000 0.000000 0.000000 0.000000 0.000000 0.000000 0.000000 0.000000 0.310719 0.000000 0.000000 0.083501 0.000000 0.000000 0.000000
0.000000 0.000000 0.000000 0.000000 0.000000 0.000000 0.000000 0.908764 0.000000 0.000000 0.000000 0.000000 0.000000 0.000000 0.000400 0.000000 0.090836 0.000000 0.000000 0.000000
0.000000 0.000000 0.000000 0.000000 0.000000 0.000000 0.000000 0.936970 0.000000 0.000000 0.000000 0.035152 0.000000 0.000000 0.000000 0.000000 0.027879 0.000000 0.000000 0.000000
0.010004 0.897559 0.000000 0.000000 0.000000 0.000000 0.000000 0.092437 0.000000 0.000000 0.000000 0.000000 0.000000 0.000000 0.000000 0.000000 0.000000 0.000000 0.000000 0.000000
0.000000 0.000000 0.000000 0.000000 0.000000 0.000000 0.000000 0.555600 0.000000 0.000000 0.000000 0.136400 0.000000 0.000000 0.308000 0.000000 0.000000 0.000000 0.000000 0.000000
0.480592 0.000000 0.000000 0.000000 0.000000 0.000000 0.000000 0.519408 0.000000 0.000000 0.000000 0.000000 0.000000 0.000000 0.000000 0.000000 0.000000 0.000000 0.000000 0.000000
0.452724 0.000000 0.000000 0.000000 0.000000 0.000000 0.000000 0.547276 0.000000 0.000000 0.000000 0.000000 0.000000 0.000000 0.000000 0.000000 0.000000 0.000000 0.000000 0.000000
