0.000000 0.000800 0.549000 0.039400 0.015000 0.352000 0.007800 0.021400 0.012200 0.002400
0.002200 0.028600 0.135200 0.000200 0.009200 0.019800 0.009000 0.030200 0.752000 0.013600
0.066600 0.102600 0.008400 0.007800 0.031800 0.101800 0.001200 0.062400 0.366400 0.251000
0.049800 0.005400 0.837600 0.000400 0.014200 0.003000 0.000400 0.019200 0.045200 0.024800
0.000000 0.000000 0.846400 0.022000 0.009600 0.018000 0.084800 0.000200 0.007800 0.011200
0.000000 0.000000 0.116200 0.428200 0.118800 0.024000 0.301800 0.010600 0.000400 0.000000
0.002600 0.335200 0.063600 0.007600 0.054800 0.077000 0.000000 0.086000 0.044200 0.329000
0.000200 0.023000 0.488400 0.059600 0.059800 0.107800 0.018200 0.000000 0.115400 0.127600
0.001600 0.002000 0.742174 0.040004 0.009401 0.173217 0.000000 0.020402 0.007801 0.003400
0.000000 0.990800 0.000000 0.000000 0.000200 0.000200 0.000000 0.000000 0.004000 0.004800
