0.003000 0.083000 0.000000 0.060000 0.167000 0.114000 0.079000 0.281000 0.023000 0.190000
0.786000 0.000000 0.064000 0.026000 0.010000 0.015000 0.022000 0.006000 0.071000 0.000000
0.064935 0.095904 0.000000 0.137862 0.132867 0.020979 0.069930 0.086913 0.213786 0.176823
0.013986 0.021978 0.005994 0.002997 0.266733 0.001998 0.181818 0.164835 0.245754 0.093906
0.098098 0.116116 0.001001 0.198198 0.000000 0.001001 0.297297 0.001001 0.261261 0.026026
0.022977 0.037962 0.045954 0.178821 0.154845 0.000000 0.163836 0.052947 0.288711 0.053946
0.093906 0.001998 0.006993 0.091908 0.082917 0.006993 0.006993 0.414585 0.238761 0.054945
0.076846 0.175649 0.017964 0.219561 0.000998 0.002994 0.297405 0.000000 0.192615 0.015968
0.353646 0.049950 0.002997 0.068931 0.020979 0.119880 0.129870 0.225774 0.000000 0.027972
0.683684 0.000000 0.030030 0.155155 0.030030 0.022022 0.045045 0.029029 0.005005 0.000000
