0.004890 0.171149 0.083130 0.161369 0.098615 0.178484 0.066015 0.182559 0.017115 0.036675
0.140278 0.004167 0.140972 0.127083 0.062500 0.147917 0.141667 0.029861 0.134722 0.070833
0.176136 0.187500 0.009470 0.070076 0.070076 0.035985 0.047348 0.056818 0.179924 0.166667
0.115473 0.105081 0.144342 0.008083 0.228637 0.026559 0.117783 0.118938 0.024249 0.110855
0.128590 0.070496 0.120104 0.143603 0.008486 0.133812 0.165144 0.167102 0.050261 0.012402
0.117831 0.030240 0.030240 0.031283 0.209593 0.006257 0.032325 0.076121 0.252346 0.213764
0.032105 0.240190 0.036861 0.116528 0.120095 0.043995 0.007134 0.109394 0.035672 0.258026
0.232379 0.041850 0.029736 0.102423 0.037445 0.100220 0.182819 0.005507 0.227974 0.039648
0.020314 0.168975 0.183749 0.027701 0.169898 0.082179 0.038781 0.134811 0.004617 0.168975
0.045677 0.057096 0.154976 0.168026 0.032626 0.158238 0.145188 0.047308 0.176183 0.014682
