0.000000 0.362200 0.000000 0.000200 0.080400 0.059200 0.026800 0.463000 0.000600 0.007600
0.001200 0.000000 0.742000 0.010200 0.030000 0.109600 0.044600 0.062000 0.000400 0.000000
0.001000 0.038000 0.000000 0.000000 0.001200 0.004800 0.006200 0.114800 0.511600 0.322400
0.140200 0.061200 0.003800 0.000000 0.008000 0.000000 0.005000 0.044000 0.184400 0.553400
0.054600 0.038800 0.000800 0.000200 0.000000 0.003600 0.024400 0.001800 0.747000 0.128800
0.274200 0.476800 0.000600 0.000000 0.004200 0.000000 0.022400 0.001000 0.056400 0.164400
0.253600 0.309400 0.000000 0.000000 0.003400 0.004600 0.000000 0.040200 0.274200 0.114600
0.032000 0.266600 0.002800 0.001000 0.000400 0.000000 0.522000 0.000000 0.102800 0.072400
0.000000 0.002200 0.021600 0.002400 0.254600 0.300400 0.249200 0.168800 0.000000 0.000800
0.000400 0.000000 0.304200 0.002800 0.040200 0.228000 0.388800 0.033800 0.001600 0.000200
