0.000000 0.353600 0.000000 0.000400 0.089000 0.061000 0.026200 0.464400 0.000000 0.005400
0.000800 0.000000 0.735600 0.010600 0.030800 0.112200 0.045800 0.064000 0.000200 0.000000
0.001000 0.036600 0.000000 0.000000 0.001400 0.004600 0.006000 0.115200 0.520800 0.314400
0.145000 0.065200 0.002600 0.000000 0.009000 0.000000 0.004400 0.040000 0.186200 0.547600
0.055200 0.037000 0.000400 0.000200 0.000000 0.004200 0.024200 0.001800 0.758000 0.119000
0.274600 0.478400 0.000800 0.000000 0.004800 0.000000 0.021800 0.001400 0.060800 0.157400
0.259400 0.305800 0.000000 0.000000 0.004400 0.007200 0.000000 0.039400 0.268800 0.115000
0.032400 0.269200 0.003000 0.001400 0.000400 0.000000 0.527800 0.000000 0.102200 0.063600
0.000000 0.002200 0.022400 0.001600 0.252600 0.312000 0.240800 0.167600 0.000000 0.000800
0.000400 0.000000 0.314200 0.002800 0.036600 0.229400 0.374800 0.039600 0.002000 0.000200
