0.000000 0.017400 0.071400 0.253200 0.032600 0.011600 0.005000 0.019400 0.070200 0.519200
0.785400 0.000000 0.009600 0.078200 0.001200 0.031800 0.007800 0.002600 0.079400 0.004000
0.148800 0.002200 0.000400 0.268800 0.407200 0.053600 0.104000 0.007800 0.004000 0.003200
0.031600 0.006400 0.403400 0.000400 0.163400 0.017200 0.303200 0.048600 0.011600 0.014200
0.010600 0.002400 0.248400 0.176000 0.000200 0.105000 0.013400 0.436400 0.003600 0.004000
0.014000 0.007400 0.666600 0.010600 0.081000 0.000400 0.019800 0.192600 0.003800 0.003800
0.022400 0.008800 0.062600 0.023800 0.612800 0.241200 0.000000 0.005200 0.012200 0.011000
0.017400 0.004000 0.098600 0.749600 0.084600 0.030400 0.003400 0.000200 0.002400 0.009400
0.022400 0.755800 0.018800 0.052000 0.005000 0.007800 0.003000 0.006000 0.000000 0.129200
0.474800 0.007600 0.007600 0.016000 0.002000 0.008800 0.004000 0.007600 0.471400 0.000200
