0.000000 0.049400 0.000000 0.000000 0.000200 0.470000 0.471600 0.008800 0.000000 0.000000
0.861600 0.000000 0.002000 0.123600 0.000000 0.000000 0.000000 0.000000 0.012800 0.000000
0.000000 0.003000 0.041600 0.037000 0.000000 0.918400 0.000000 0.000000 0.000000 0.000000
0.000000 0.000000 0.000000 0.000000 0.002400 0.133000 0.034400 0.001400 0.828800 0.000000
0.000000 0.920000 0.000000 0.000000 0.000000 0.000200 0.003000 0.000000 0.027400 0.049400
0.008600 0.068200 0.000000 0.000000 0.000000 0.000000 0.001000 0.000000 0.804400 0.117800
0.010000 0.087200 0.000000 0.000000 0.000000 0.000000 0.000000 0.836000 0.065200 0.001600
0.000000 0.172800 0.000000 0.000000 0.000000 0.000000 0.072600 0.000000 0.753800 0.000800
0.000000 0.000000 0.000000 0.000000 0.234000 0.359800 0.014400 0.391600 0.000000 0.000200
0.000000 0.000200 0.044600 0.000000 0.855200 0.049200 0.046600 0.004000 0.000200 0.000000
