0.000000 0.009800 0.037800 0.029400 0.046600 0.685600 0.083400 0.039400 0.046200 0.021800
0.006000 0.000000 0.024000 0.027400 0.189800 0.087000 0.658000 0.002200 0.005000 0.000600
0.046000 0.143600 0.000000 0.076800 0.104400 0.119200 0.020600 0.021400 0.331600 0.136400
0.076400 0.058000 0.134800 0.000000 0.150200 0.045600 0.042400 0.053200 0.377000 0.062400
0.266200 0.115600 0.082400 0.046800 0.000000 0.056800 0.026600 0.012000 0.217600 0.176000
0.047000 0.024600 0.086000 0.024400 0.189800 0.000000 0.060800 0.015200 0.250800 0.301400
0.075400 0.027200 0.067600 0.025800 0.070200 0.080000 0.000000 0.079200 0.091800 0.482800
0.116800 0.012400 0.167000 0.349800 0.057600 0.031600 0.032000 0.000000 0.101600 0.131200
0.010200 0.013600 0.004400 0.015400 0.215400 0.464600 0.046200 0.225600 0.000000 0.004600
0.007600 0.000800 0.441200 0.059200 0.107800 0.339400 0.034400 0.002200 0.007400 0.000000
