0.001200 0.008200 0.004800 0.239800 0.011200 0.013400 0.433000 0.185200 0.086200 0.017000
0.149800 0.000000 0.213600 0.264200 0.048200 0.035200 0.222800 0.002600 0.063600 0.000000
0.088800 0.102800 0.000600 0.039400 0.184800 0.055800 0.061000 0.012800 0.120000 0.334000
0.028400 0.155000 0.013200 0.001200 0.164000 0.029000 0.237800 0.012200 0.244200 0.115000
0.582600 0.035400 0.036200 0.119400 0.000000 0.054000 0.034800 0.024400 0.101400 0.011800
0.033000 0.233200 0.076400 0.013600 0.079600 0.001400 0.383600 0.044400 0.129400 0.005400
0.009000 0.302400 0.084400 0.025400 0.100400 0.199600 0.011600 0.002800 0.122800 0.141600
0.065400 0.246600 0.019200 0.124600 0.076000 0.033800 0.139400 0.000000 0.293200 0.001800
0.006200 0.007600 0.118600 0.086400 0.168000 0.008200 0.347200 0.118800 0.003000 0.136000
0.001800 0.000200 0.177000 0.068400 0.003600 0.215200 0.388200 0.116000 0.029400 0.000200
