0.000200 0.004200 0.092400 0.136600 0.095200 0.193600 0.214400 0.107600 0.085800 0.070000
0.147000 0.000000 0.205000 0.262000 0.051200 0.041400 0.222400 0.004000 0.066800 0.000200
0.099800 0.102600 0.002400 0.039600 0.160000 0.077200 0.028000 0.053600 0.118200 0.318600
0.080000 0.090000 0.074000 0.001400 0.185400 0.034800 0.179000 0.030000 0.163800 0.161600
0.414400 0.024200 0.046200 0.071600 0.000800 0.103800 0.080400 0.018400 0.224000 0.016200
0.122000 0.163000 0.181400 0.011200 0.085000 0.001400 0.229000 0.069800 0.087000 0.050200
0.177400 0.482400 0.009000 0.026400 0.143600 0.043000 0.030600 0.012400 0.048000 0.027200
0.068400 0.164600 0.013200 0.126200 0.082200 0.036800 0.147400 0.000400 0.249800 0.111000
0.004000 0.117000 0.083400 0.038400 0.122600 0.175200 0.213600 0.178800 0.000600 0.066400
0.003000 0.000000 0.175200 0.072800 0.002800 0.209400 0.372800 0.132000 0.031200 0.000800
