0.000200 0.002200 0.159000 0.000000 0.274800 0.205400 0.272400 0.000000 0.016000 0.070000
0.040800 0.000000 0.000000 0.000000 0.295200 0.141800 0.264600 0.219400 0.037200 0.001000
0.196800 0.000000 0.000000 0.008000 0.043400 0.007800 0.020600 0.044200 0.243000 0.436200
0.299600 0.263600 0.031600 0.000200 0.152000 0.012200 0.114600 0.126200 0.000000 0.000000
0.313200 0.226200 0.012800 0.016000 0.000000 0.067800 0.083200 0.007000 0.273800 0.000000
0.156600 0.020400 0.000000 0.004200 0.100000 0.000000 0.000000 0.116200 0.135600 0.467000
0.000000 0.424800 0.019400 0.009200 0.026800 0.055800 0.005800 0.088200 0.370000 0.000000
0.139000 0.016000 0.045200 0.033800 0.000000 0.070400 0.000000 0.000600 0.139800 0.555200
0.000000 0.002400 0.167200 0.130400 0.231600 0.136000 0.179200 0.000000 0.004600 0.148600
0.002000 0.000000 0.292600 0.125400 0.198600 0.149800 0.230400 0.000000 0.000000 0.001200
