0.000400 0.040400 0.065200 0.282000 0.109800 0.045400 0.265400 0.000000 0.014800 0.176600
0.049400 0.000000 0.000600 0.008200 0.344800 0.005200 0.582000 0.000000 0.007000 0.002800
0.212400 0.145000 0.003000 0.083200 0.110000 0.253000 0.016000 0.000000 0.039400 0.138000
0.371200 0.020200 0.003600 0.003800 0.118400 0.110600 0.005400 0.000000 0.281200 0.085600
0.046000 0.700000 0.052800 0.059600 0.000800 0.039600 0.008200 0.000000 0.036600 0.056400
0.214400 0.029200 0.012000 0.030800 0.384600 0.000800 0.002800 0.000400 0.140400 0.184600
0.066400 0.005000 0.009600 0.015800 0.011000 0.168800 0.013800 0.000000 0.047400 0.662200
0.068800 0.032400 0.005200 0.119800 0.126600 0.028200 0.194800 0.000000 0.298200 0.126000
0.026000 0.006800 0.003400 0.874000 0.064000 0.012600 0.009600 0.000000 0.000000 0.003600
0.009400 0.000000 0.001400 0.017600 0.017800 0.009800 0.889000 0.000000 0.055000 0.000000
