0.000600 0.000000 0.633400 0.000000 0.000000 0.000000 0.000000 0.000000 0.361000 0.005000
0.000000 0.000000 0.000000 0.000000 0.000000 0.000000 0.000000 1.000000 0.000000 0.000000
0.000000 0.000000 0.001600 0.000000 0.704600 0.000000 0.000000 0.000200 0.000000 0.293600
0.000000 0.000000 0.896400 0.000200 0.000000 0.086800 0.000000 0.016600 0.000000 0.000000
0.000000 0.000000 0.000000 0.000000 0.000000 0.000000 0.000000 0.000000 0.000000 1.000000
0.000000 0.000000 0.000200 0.000000 0.000000 0.000000 0.000000 0.000200 0.000000 0.999600
0.000000 0.000000 0.000000 0.000200 0.058400 0.911000 0.030400 0.000000 0.000000 0.000000
0.000000 0.000000 0.000000 0.000000 0.000600 0.000000 0.000000 0.000600 0.000000 0.998800
0.000000 0.000000 0.831600 0.000000 0.168200 0.000000 0.000000 0.000000 0.000200 0.000000
0.000000 0.000000 0.032600 0.000000 0.000000 0.000000 0.000000 0.000000 0.967400 0.000000
