0.000000 0.000000 0.000000 0.012000 0.340600 0.000000 0.094600 0.552800 0.000000 0.000000
0.716400 0.000000 0.000000 0.085200 0.000000 0.105600 0.092800 0.000000 0.000000 0.000000
0.081000 0.089600 0.000000 0.580400 0.000000 0.000000 0.000000 0.000000 0.249000 0.000000
0.094000 0.091600 0.000000 0.000000 0.000000 0.000000 0.661400 0.000000 0.153000 0.000000
0.361000 0.298800 0.000000 0.091000 0.000000 0.000000 0.249200 0.000000 0.000000 0.000000
0.066000 0.078600 0.000000 0.000000 0.000000 0.000000 0.680200 0.000000 0.175200 0.000000
0.197400 0.034800 0.000000 0.000000 0.000000 0.000000 0.000000 0.677200 0.090600 0.000000
0.277000 0.251800 0.000000 0.171800 0.000000 0.000000 0.299400 0.000000 0.000000 0.000000
0.405000 0.000000 0.000000 0.085800 0.000000 0.000000 0.094600 0.414600 0.000000 0.000000
0.658000 0.000000 0.000000 0.085000 0.000000 0.147800 0.109200 0.000000 0.000000 0.000000
