0.000000 0.231600 0.000000 0.086400 0.000000 0.137600 0.000000 0.544400 0.000000 0.000000
0.000000 0.000000 0.000000 0.000000 0.085800 0.000000 0.085600 0.083200 0.745400 0.000000
0.724400 0.000000 0.000000 0.000000 0.131400 0.019400 0.000000 0.124800 0.000000 0.000000
0.683800 0.000000 0.000000 0.000000 0.000000 0.054600 0.149000 0.112600 0.000000 0.000000
0.000000 0.018800 0.000000 0.000000 0.000000 0.000000 0.000000 0.016600 0.403800 0.560800
0.003200 0.000000 0.000000 0.000000 0.000000 0.000000 0.000000 0.000000 0.593200 0.403600
0.000000 0.000000 0.031600 0.000000 0.000000 0.000000 0.000000 0.073000 0.303000 0.592400
0.243000 0.000000 0.000000 0.060400 0.000000 0.000000 0.308400 0.000000 0.000000 0.388200
0.000000 0.000000 0.000000 0.058400 0.242400 0.000000 0.114800 0.000000 0.000000 0.584400
0.001000 0.000000 0.797400 0.000000 0.000000 0.000000 0.000000 0.000000 0.201600 0.000000
