0.000000 0.020000 0.039600 0.067000 0.000000 0.283800 0.192600 0.164200 0.058200 0.174600
0.187200 0.000000 0.178600 0.041200 0.112800 0.070800 0.169400 0.170000 0.000000 0.070000
0.137400 0.049200 0.000000 0.000000 0.082000 0.011000 0.072800 0.049400 0.164000 0.434200
0.226200 0.183200 0.020400 0.000000 0.110000 0.016000 0.122000 0.090200 0.232000 0.000000
0.158200 0.027400 0.009000 0.014600 0.000000 0.000000 0.076000 0.008000 0.170200 0.536600
0.120400 0.022000 0.000000 0.004600 0.083600 0.000000 0.132200 0.067000 0.158600 0.411600
0.260600 0.000000 0.006800 0.002400 0.008000 0.006400 0.000000 0.050800 0.185800 0.479200
0.121400 0.002400 0.053800 0.027400 0.022400 0.004000 0.000000 0.000000 0.199200 0.569400
0.000000 0.054400 0.069000 0.049000 0.165600 0.030400 0.102400 0.154400 0.000000 0.374800
0.024600 0.001800 0.255800 0.057200 0.190200 0.074000 0.192600 0.203800 0.000000 0.000000
