0.001400 0.003800 0.070200 0.105200 0.209800 0.121400 0.181800 0.187200 0.021000 0.098200
0.024800 0.000000 0.194800 0.079200 0.160800 0.121800 0.164000 0.180000 0.069800 0.004800
0.087600 0.065200 0.002200 0.007800 0.060600 0.018400 0.032400 0.060200 0.136400 0.529200
0.127200 0.040400 0.015200 0.000800 0.074600 0.002800 0.072400 0.062800 0.161200 0.442600
0.191400 0.044400 0.007600 0.008200 0.000800 0.012200 0.042800 0.003000 0.185000 0.504600
0.118600 0.021600 0.037800 0.002400 0.053800 0.000200 0.100400 0.056200 0.179000 0.430000
0.186400 0.065800 0.008600 0.004800 0.016000 0.022200 0.006800 0.048800 0.175200 0.465400
0.125400 0.017200 0.047200 0.018600 0.031000 0.013800 0.094000 0.000400 0.162200 0.490200
0.008000 0.000800 0.115000 0.084200 0.189000 0.112200 0.149600 0.197200 0.002000 0.142000
0.007800 0.000000 0.212800 0.102600 0.154200 0.138000 0.169200 0.178200 0.036400 0.000800
