0.000000 0.000000 0.000000 0.000000 0.408200 0.084600 0.195200 0.312000 0.000000 0.000000
0.000000 0.000000 0.299400 0.000400 0.000000 0.500800 0.199400 0.000000 0.000000 0.000000
0.000000 0.025200 0.000000 0.211600 0.000000 0.000000 0.000000 0.000000 0.177200 0.586000
0.000000 0.214800 0.000000 0.000000 0.114800 0.000000 0.167200 0.000000 0.503200 0.000000
0.000000 0.360200 0.000000 0.022400 0.000000 0.000000 0.086000 0.000000 0.531400 0.000000
0.338400 0.000000 0.000000 0.026800 0.000000 0.000000 0.230400 0.000000 0.404400 0.000000
0.000000 0.364400 0.000000 0.000000 0.058200 0.000000 0.000000 0.187200 0.390200 0.000000
0.099400 0.073200 0.000000 0.700600 0.000000 0.000000 0.000000 0.000000 0.126800 0.000000
0.335000 0.000000 0.000000 0.084200 0.000000 0.157600 0.000000 0.423200 0.000000 0.000000
0.000000 0.000000 0.000000 0.087000 0.196800 0.433000 0.283200 0.000000 0.000000 0.000000
