0.000000 0.276800 0.000000 0.000000 0.000000 0.002400 0.000000 0.720800 0.000000 0.000000
0.000000 0.000000 0.000000 0.000000 0.000000 0.000000 0.003600 0.000000 0.996400 0.000000
0.980200 0.000000 0.000000 0.000000 0.018800 0.000200 0.000000 0.000800 0.000000 0.000000
0.999000 0.000000 0.000000 0.000000 0.000000 0.001000 0.000000 0.000000 0.000000 0.000000
0.000000 0.003600 0.000000 0.000000 0.000000 0.000000 0.000000 0.005600 0.966000 0.024800
0.025800 0.000000 0.000000 0.000000 0.000000 0.000000 0.000000 0.000000 0.224600 0.749600
0.000000 0.000000 0.001400 0.000000 0.000000 0.000000 0.000000 0.010400 0.932200 0.056000
0.000000 0.000000 0.000000 0.000000 0.000000 0.000000 0.007200 0.000000 0.000000 0.992800
0.000000 0.000000 0.000000 0.000000 0.714400 0.000000 0.000000 0.000000 0.000000 0.285600
0.000000 0.000000 1.000000 0.000000 0.000000 0.000000 0.000000 0.000000 0.000000 0.000000
