0.000600 0.007000 0.067800 0.147800 0.074200 0.177000 0.205200 0.171800 0.114600 0.034000
0.114800 0.000000 0.210200 0.235200 0.099200 0.027600 0.123600 0.058000 0.131200 0.000200
0.053000 0.146800 0.001800 0.033600 0.138600 0.111800 0.063800 0.020000 0.118400 0.312200
0.094800 0.165000 0.061600 0.001600 0.149600 0.055400 0.112200 0.041200 0.201800 0.116800
0.326400 0.102400 0.046200 0.050000 0.002200 0.074800 0.058400 0.014800 0.310200 0.014600
0.175000 0.086800 0.113400 0.017000 0.170800 0.000400 0.160200 0.088400 0.119200 0.068800
0.219800 0.464400 0.006200 0.033400 0.107800 0.072800 0.021000 0.005800 0.049400 0.019400
0.070200 0.263800 0.020000 0.120000 0.082400 0.045600 0.103400 0.000200 0.251000 0.043400
0.006200 0.121600 0.073800 0.043000 0.123200 0.162600 0.215600 0.184600 0.001200 0.068200
0.002200 0.000000 0.182400 0.076800 0.004400 0.206600 0.354600 0.137000 0.035600 0.000400
