0.000400 0.026800 0.031000 0.276800 0.048000 0.053600 0.170600 0.255400 0.022200 0.115200
0.047400 0.000000 0.000200 0.019400 0.334600 0.016600 0.570400 0.001400 0.006000 0.004000
0.185600 0.050800 0.000200 0.072000 0.146600 0.217000 0.028200 0.001200 0.068000 0.230400
0.309600 0.017600 0.001600 0.003800 0.010200 0.083400 0.111400 0.000200 0.304000 0.158200
0.026400 0.659600 0.051600 0.060600 0.000400 0.033000 0.016000 0.000000 0.065200 0.087200
0.172400 0.045800 0.006000 0.027800 0.020400 0.001800 0.403800 0.000800 0.198000 0.123200
0.042600 0.004200 0.006200 0.024800 0.000000 0.173800 0.011400 0.000200 0.101800 0.635000
0.027000 0.029000 0.003400 0.123400 0.001800 0.024000 0.387400 0.000000 0.343600 0.060400
0.015400 0.005200 0.000800 0.425000 0.283000 0.018800 0.243000 0.004800 0.000600 0.003400
0.010800 0.000000 0.000600 0.140200 0.240800 0.188800 0.404200 0.008800 0.005800 0.000000
