0.903200 0.003200 0.020200 0.000000 0.000000 0.000800 0.000000 0.001600 0.050400 0.020600
0.000000 0.990200 0.000000 0.000000 0.000000 0.000000 0.000000 0.000000 0.000600 0.009200
0.000600 0.000800 0.942000 0.001200 0.003800 0.018800 0.000200 0.009800 0.010400 0.012400
0.000000 0.001000 0.043800 0.891000 0.000800 0.035200 0.000200 0.003600 0.008800 0.015600
0.000200 0.000600 0.038816 0.004002 0.778111 0.039016 0.000200 0.124050 0.007403 0.007603
0.000000 0.000600 0.005600 0.058000 0.000600 0.926400 0.000000 0.003400 0.001600 0.003800
0.000000 0.001400 0.279800 0.053600 0.006000 0.039600 0.502600 0.008800 0.021000 0.087200
0.000000 0.000200 0.002000 0.000800 0.001000 0.013600 0.000000 0.979600 0.001400 0.001400
0.000800 0.003200 0.000400 0.000000 0.000000 0.000000 0.000000 0.000400 0.990000 0.005200
0.000000 0.018200 0.000000 0.000000 0.000000 0.000000 0.000000 0.000000 0.003800 0.978000
