0.001200 0.000000 0.000000 0.000000 0.478800 0.000000 0.507600 0.000000 0.000000 0.012400
0.000000 0.000000 0.387400 0.250000 0.315800 0.000000 0.000000 0.000000 0.046800 0.000000
0.109000 0.086000 0.000000 0.000000 0.000000 0.000000 0.271400 0.111200 0.000000 0.422400
0.358600 0.000000 0.000000 0.003400 0.000000 0.101200 0.219200 0.000000 0.317600 0.000000
0.000000 0.000000 0.000000 0.101000 0.003400 0.000000 0.150200 0.014800 0.730600 0.000000
0.374200 0.000000 0.337200 0.012200 0.276000 0.000400 0.000000 0.000000 0.000000 0.000000
0.000000 0.896400 0.012400 0.000000 0.010800 0.013600 0.000000 0.066800 0.000000 0.000000
0.088800 0.051600 0.165600 0.000000 0.000000 0.000000 0.326400 0.000000 0.000000 0.367600
0.044400 0.000000 0.000000 0.149400 0.548600 0.115400 0.000000 0.000000 0.000000 0.142200
0.002200 0.000000 0.000000 0.000000 0.446400 0.000000 0.496000 0.000000 0.055400 0.000000
