0.000000 0.033400 0.083800 0.076400 0.000000 0.254200 0.266800 0.000000 0.000000 0.285400
0.327200 0.000000 0.118200 0.032800 0.000000 0.195000 0.176000 0.150800 0.000000 0.000000
0.108200 0.072000 0.000000 0.000000 0.000000 0.221400 0.000000 0.104600 0.112800 0.381000
0.165200 0.029200 0.000000 0.000000 0.180400 0.000800 0.000000 0.112400 0.000000 0.512000
0.309400 0.220000 0.025000 0.063600 0.000000 0.091800 0.000000 0.000000 0.290200 0.000000
0.000000 0.089000 0.039000 0.000000 0.000000 0.000000 0.162800 0.019600 0.216800 0.472800
0.172800 0.022400 0.027000 0.011600 0.035200 0.000000 0.000000 0.000000 0.000000 0.731000
0.224400 0.000000 0.000000 0.062600 0.070200 0.012000 0.000000 0.000000 0.201000 0.429800
0.000000 0.047000 0.168800 0.000000 0.256600 0.061000 0.160800 0.000000 0.000000 0.305800
0.019200 0.000600 0.269800 0.097400 0.000000 0.275400 0.000000 0.337600 0.000000 0.000000
