0.000000 0.000000 0.000000 0.000600 0.003600 0.000000 0.019200 0.976600 0.000000 0.000000
0.996200 0.000000 0.002200 0.000000 0.000000 0.001600 0.000000 0.000000 0.000000 0.000000
0.002400 0.242000 0.000000 0.688600 0.000000 0.000000 0.000000 0.000000 0.067000 0.000000
0.000000 0.000000 0.000000 0.000000 0.000000 0.000000 0.036800 0.000000 0.963200 0.000000
0.069400 0.920600 0.000000 0.000000 0.000000 0.000000 0.010000 0.000000 0.000000 0.000000
0.000000 0.000000 0.000000 0.000000 0.000000 0.000000 0.003800 0.000000 0.996200 0.000000
0.707800 0.084200 0.000000 0.000000 0.000000 0.000000 0.000000 0.060200 0.147800 0.000000
0.293200 0.002600 0.000000 0.645200 0.000000 0.000000 0.059000 0.000000 0.000000 0.000000
0.016600 0.000000 0.000000 0.006000 0.000000 0.000000 0.003000 0.974400 0.000000 0.000000
0.635200 0.000000 0.000000 0.000000 0.000000 0.362000 0.002800 0.000000 0.000000 0.000000
