0.000000 0.000000 0.747200 0.000000 0.000000 0.000000 0.000000 0.000000 0.234600 0.018200
0.000000 0.000000 0.000000 0.000000 0.993000 0.000000 0.000000 0.000000 0.007000 0.000000
0.000000 0.000000 0.000000 0.000000 0.596800 0.201200 0.088600 0.113400 0.000000 0.000000
0.000000 0.000000 0.003800 0.000000 0.000000 0.000000 0.000000 0.000000 0.000000 0.996200
0.000000 0.000000 0.000800 0.000000 0.000000 0.000200 0.000000 0.000000 0.000000 0.999000
0.000000 0.000000 0.001400 0.000000 0.000000 0.000000 0.000000 0.002000 0.000000 0.996600
0.000000 0.000000 0.001200 0.000000 0.000000 0.000400 0.000000 0.000000 0.000000 0.998400
0.000000 0.000000 0.000000 0.000000 0.004400 0.000000 0.000000 0.000000 0.000000 0.995600
0.000000 0.000000 0.954200 0.000000 0.001400 0.000000 0.000000 0.000000 0.000000 0.044400
0.000000 0.000400 0.007800 0.000000 0.000000 0.000000 0.000000 0.182600 0.809200 0.000000
