0.000000 0.037800 0.130800 0.121400 0.000000 0.000000 0.401400 0.000000 0.000000 0.308600
0.533400 0.000000 0.000000 0.048200 0.119000 0.093200 0.206200 0.000000 0.000000 0.000000
0.156000 0.216400 0.000000 0.000000 0.000000 0.000000 0.221000 0.249400 0.157200 0.000000
0.278000 0.000000 0.000000 0.000000 0.161800 0.001200 0.000000 0.092000 0.000000 0.467000
0.000000 0.000000 0.000000 0.018600 0.000000 0.023400 0.149600 0.001000 0.000000 0.807400
0.000000 0.000000 0.071200 0.010000 0.072400 0.000000 0.000000 0.072400 0.774000 0.000000
0.419600 0.000000 0.021800 0.030200 0.000000 0.188400 0.000000 0.000000 0.340000 0.000000
0.266200 0.132200 0.158600 0.000000 0.128200 0.000000 0.000000 0.000000 0.314800 0.000000
0.075800 0.099600 0.115600 0.000000 0.000000 0.402400 0.306600 0.000000 0.000000 0.000000
0.137200 0.000000 0.000000 0.153400 0.278400 0.186800 0.000000 0.000000 0.244200 0.000000
