0.000000 0.000600 0.000000 0.000000 0.427800 0.207000 0.339000 0.000000 0.008000 0.017600
0.039400 0.000000 0.000000 0.000000 0.000000 0.339400 0.374800 0.224200 0.022200 0.000000
0.091200 0.017400 0.000000 0.021400 0.101400 0.000000 0.081800 0.000000 0.179600 0.507200
0.160400 0.047600 0.000000 0.000800 0.118200 0.000000 0.113800 0.086000 0.000000 0.473200
0.407600 0.275600 0.010000 0.000000 0.001600 0.050800 0.000000 0.010400 0.244000 0.000000
0.000000 0.088000 0.056800 0.000000 0.053000 0.000000 0.114800 0.040000 0.000000 0.647400
0.194200 0.028600 0.007000 0.005400 0.023000 0.000000 0.000000 0.075000 0.000000 0.666800
0.091800 0.023600 0.000000 0.038400 0.000000 0.095400 0.305400 0.000000 0.193200 0.252200
0.122400 0.071200 0.078200 0.062600 0.223400 0.000000 0.170400 0.271800 0.000000 0.000000
0.000000 0.000000 0.245000 0.000000 0.000000 0.267800 0.280600 0.186600 0.020000 0.000000
