0.000400 0.015200 0.033400 0.221000 0.136800 0.122400 0.229800 0.082800 0.083800 0.074400
0.082400 0.000200 0.163400 0.137200 0.137600 0.130600 0.267800 0.008600 0.071200 0.001000
0.114200 0.146400 0.001800 0.082400 0.084800 0.129800 0.065000 0.022800 0.159600 0.193200
0.193200 0.164200 0.054600 0.003400 0.102000 0.054800 0.117600 0.015400 0.100800 0.194000
0.198200 0.222800 0.026000 0.098800 0.001600 0.048000 0.096200 0.001400 0.108000 0.199000
0.198600 0.116600 0.163800 0.020400 0.068400 0.000400 0.115800 0.008400 0.098800 0.208800
0.254000 0.275200 0.009000 0.030600 0.052800 0.093800 0.011400 0.009600 0.087400 0.176200
0.175600 0.095000 0.048000 0.104600 0.061200 0.053400 0.204400 0.000000 0.081400 0.176400
0.026400 0.035400 0.063400 0.319400 0.081600 0.099000 0.226600 0.061400 0.000600 0.086200
0.039800 0.000000 0.073600 0.177400 0.171800 0.088800 0.369000 0.015600 0.063600 0.000400
