0.000000 0.000000 0.000000 0.000000 0.960600 0.000000 0.000000 0.000000 0.000000 0.039400
0.000000 0.000400 0.408600 0.232000 0.000000 0.359000 0.000000 0.000000 0.000000 0.000000
0.100800 0.178200 0.000000 0.000000 0.000000 0.000000 0.516200 0.000000 0.204800 0.000000
0.315000 0.293600 0.000000 0.027400 0.000000 0.000000 0.000000 0.000000 0.364000 0.000000
0.364800 0.000000 0.000000 0.199200 0.000000 0.133000 0.000000 0.000000 0.303000 0.000000
0.000000 0.000000 0.000000 0.011600 0.000000 0.000000 0.149400 0.136800 0.702200 0.000000
0.378400 0.000000 0.000000 0.000000 0.098800 0.000000 0.037400 0.000000 0.000000 0.485400
0.000000 0.000000 0.072600 0.000000 0.000000 0.043600 0.118800 0.000000 0.000000 0.765000
0.209800 0.000000 0.170000 0.099400 0.000000 0.520800 0.000000 0.000000 0.000000 0.000000
0.000000 0.000600 0.503000 0.000000 0.000000 0.000000 0.495800 0.000000 0.000000 0.000600
