0.000600 0.004400 0.010400 0.235600 0.297000 0.206200 0.131800 0.109400 0.000000 0.004600
0.208200 0.000000 0.198400 0.014800 0.020600 0.009600 0.377000 0.171400 0.000000 0.000000
0.045400 0.323000 0.003800 0.091600 0.171800 0.030200 0.055200 0.106400 0.000000 0.172600
0.010800 0.287200 0.026000 0.001000 0.019600 0.011400 0.080400 0.135800 0.000000 0.427800
0.019200 0.754600 0.024400 0.011400 0.000000 0.006000 0.105200 0.007000 0.000000 0.072200
0.009200 0.145800 0.080200 0.002800 0.004400 0.000800 0.271400 0.287600 0.000000 0.197800
0.015200 0.717000 0.002000 0.016400 0.009800 0.137200 0.025200 0.021400 0.000000 0.055800
0.379800 0.070200 0.144400 0.060600 0.001800 0.091600 0.168800 0.000800 0.000000 0.082000
0.003400 0.002600 0.011000 0.007400 0.372400 0.094200 0.057400 0.442000 0.000000 0.009600
0.002200 0.001000 0.352000 0.001800 0.249000 0.014400 0.359200 0.020200 0.000000 0.000200
