0.000000 0.009200 0.088000 0.089400 0.000000 0.319400 0.240000 0.000000 0.065400 0.188600
0.172000 0.000000 0.186000 0.000000 0.150200 0.086600 0.228400 0.137000 0.000000 0.039800
0.137800 0.031200 0.000000 0.014000 0.066200 0.004000 0.000000 0.093600 0.000000 0.653200
0.149000 0.021200 0.012600 0.000000 0.075400 0.000800 0.000000 0.076000 0.000000 0.665000
0.000000 0.088800 0.013800 0.016800 0.000000 0.013000 0.000000 0.001000 0.238600 0.628000
0.135000 0.009200 0.012800 0.001800 0.052200 0.000000 0.000000 0.075600 0.000000 0.713400
0.189400 0.017400 0.000000 0.019200 0.049200 0.012200 0.000000 0.000000 0.182000 0.530600
0.000000 0.355400 0.038600 0.028800 0.016400 0.014200 0.067200 0.000000 0.479400 0.000000
0.132200 0.100200 0.058000 0.052200 0.000000 0.257800 0.182600 0.217000 0.000000 0.000000
0.002000 0.000000 0.315200 0.111000 0.000000 0.272000 0.240600 0.000000 0.059200 0.000000
