0.000000 0.589600 0.410400 0.000000 0.000000 0.000000 0.000000 0.000000 0.000000 0.000000
0.000000 0.000000 0.000000 0.000000 0.482800 0.517200 0.000000 0.000000 0.000000 0.000000
0.000000 0.000000 0.000000 0.272800 0.727200 0.000000 0.000000 0.000000 0.000000 0.000000
0.000000 0.013400 0.000000 0.000000 0.000000 0.000000 0.000000 0.000000 0.000000 0.986600
0.974200 0.000000 0.000000 0.000000 0.000000 0.000000 0.000000 0.025800 0.000000 0.000000
0.526400 0.473600 0.000000 0.000000 0.000000 0.000000 0.000000 0.000000 0.000000 0.000000
0.000000 0.000000 0.000000 0.021200 0.000000 0.000000 0.000000 0.000000 0.000000 0.978800
0.245200 0.000000 0.000000 0.000000 0.000000 0.000000 0.000000 0.000000 0.000000 0.754800
0.000000 0.000000 0.000000 0.615600 0.000000 0.000000 0.000000 0.000000 0.000000 0.384400
0.000000 0.000000 0.000000 0.000000 0.000000 0.000000 0.921000 0.000000 0.079000 0.000000
