0.000200 0.047200 0.032200 0.298800 0.035800 0.070400 0.151800 0.240400 0.015200 0.108000
0.047000 0.000000 0.006800 0.020400 0.328800 0.010800 0.580600 0.001200 0.000800 0.003600
0.165600 0.156200 0.001600 0.086800 0.105600 0.228000 0.012200 0.002000 0.069000 0.173000
0.114000 0.398800 0.026000 0.003600 0.180000 0.045000 0.116800 0.000200 0.094600 0.021000
0.008000 0.129600 0.020800 0.074000 0.000000 0.037000 0.015200 0.000200 0.296400 0.418800
0.065400 0.487800 0.057200 0.017800 0.130400 0.000600 0.147400 0.000800 0.065600 0.027000
0.047400 0.251600 0.033600 0.046200 0.009000 0.098000 0.006600 0.000200 0.188400 0.319000
0.029400 0.157400 0.022800 0.106800 0.002000 0.019200 0.364600 0.000000 0.283200 0.014600
0.003400 0.010800 0.005000 0.356000 0.446200 0.010200 0.162800 0.003800 0.000400 0.001400
0.010200 0.000400 0.008800 0.153000 0.234600 0.199200 0.382600 0.008400 0.002600 0.000200
