0.000000 0.016400 0.000000 0.000000 0.000000 0.387800 0.000000 0.436400 0.000000 0.159400
0.000000 0.000000 0.105200 0.000000 0.076600 0.069800 0.000000 0.000000 0.748400 0.000000
0.000000 0.000000 0.000000 0.000000 0.000000 0.127600 0.062000 0.000000 0.400400 0.410000
0.000000 0.000000 0.000000 0.000000 0.057000 0.000000 0.071600 0.018800 0.000000 0.852600
0.000000 0.000000 0.025400 0.023400 0.000000 0.000000 0.000000 0.000000 0.347000 0.604200
0.000000 0.000000 0.320800 0.028000 0.292000 0.000000 0.359200 0.000000 0.000000 0.000000
0.000000 0.013200 0.000000 0.031400 0.045200 0.000000 0.000000 0.000000 0.000000 0.910200
0.000000 0.000200 0.386400 0.000000 0.000000 0.000000 0.000000 0.000000 0.197200 0.416200
0.000000 0.206400 0.000000 0.000000 0.257800 0.022200 0.000000 0.513600 0.000000 0.000000
0.000000 0.000000 0.468800 0.000000 0.163600 0.065000 0.000000 0.302600 0.000000 0.000000
