0.000200 0.000200 0.000000 0.000000 0.999600 0.000000 0.000000 0.000000 0.000000 0.000000
0.000000 0.000000 0.782600 0.207600 0.000000 0.000000 0.000000 0.000000 0.000000 0.009800
0.000000 0.034200 0.000000 0.000000 0.000000 0.000000 0.000000 0.000000 0.417000 0.548800
0.166600 0.000000 0.000000 0.000000 0.000000 0.000000 0.657600 0.000000 0.000000 0.175800
0.257200 0.189600 0.000000 0.553200 0.000000 0.000000 0.000000 0.000000 0.000000 0.000000
0.502200 0.000000 0.000000 0.177800 0.000000 0.000000 0.000000 0.000000 0.320000 0.000000
0.000000 0.000000 0.000000 0.131600 0.000000 0.000000 0.035800 0.000000 0.832600 0.000000
0.000000 0.000000 0.000000 0.478200 0.519200 0.000000 0.000000 0.002600 0.000000 0.000000
0.226200 0.000000 0.332000 0.000000 0.000000 0.000000 0.441800 0.000000 0.000000 0.000000
0.000000 0.000000 0.571400 0.000000 0.243800 0.184800 0.000000 0.000000 0.000000 0.000000
