0.000000 0.000000 0.000000 0.000000 0.288200 0.025000 0.000000 0.288800 0.000000 0.398000
0.000000 0.000000 0.571200 0.000000 0.007200 0.126800 0.294800 0.000000 0.000000 0.000000
0.000000 0.000000 0.000000 0.015200 0.000000 0.000000 0.054200 0.000000 0.355200 0.575400
0.000000 0.000000 0.000000 0.000000 0.147600 0.000000 0.127800 0.000000 0.366200 0.358400
0.000000 0.013000 0.000000 0.342200 0.000000 0.000000 0.000000 0.000000 0.254400 0.390400
0.000000 0.000000 0.000000 0.031800 0.114400 0.000000 0.097400 0.000000 0.756400 0.000000
0.000000 0.127000 0.000000 0.000000 0.037600 0.000000 0.000000 0.116400 0.000000 0.719000
0.000000 0.307000 0.066600 0.215800 0.000000 0.000000 0.000000 0.000000 0.410600 0.000000
0.421000 0.000000 0.000000 0.000000 0.200600 0.074200 0.000000 0.304200 0.000000 0.000000
0.000000 0.000000 0.501000 0.000000 0.072400 0.150400 0.276200 0.000000 0.000000 0.000000
