0.000000 0.001600 0.506200 0.000000 0.000000 0.000000 0.000000 0.000000 0.132400 0.359800
0.000000 0.000000 0.000000 0.000000 0.276600 0.000000 0.000000 0.314600 0.408400 0.000400
0.000000 0.000000 0.000000 0.000000 0.284400 0.301400 0.101800 0.312400 0.000000 0.000000
0.000000 0.000000 0.077400 0.000000 0.000000 0.023200 0.000000 0.058600 0.000000 0.840800
0.000000 0.000000 0.095600 0.000000 0.000000 0.018000 0.000000 0.001800 0.000000 0.884600
0.000000 0.000000 0.062400 0.000000 0.011800 0.000000 0.000000 0.007600 0.000000 0.918200
0.000000 0.000000 0.036000 0.001600 0.000000 0.040600 0.000000 0.000000 0.000000 0.921800
0.000000 0.000000 0.129400 0.000000 0.070800 0.000600 0.000000 0.000000 0.000000 0.799200
0.000000 0.003200 0.308600 0.000000 0.382800 0.000000 0.000000 0.000000 0.000000 0.305400
0.000000 0.000800 0.480800 0.000000 0.000000 0.000000 0.000000 0.381400 0.137000 0.000000
