0.000000 0.391600 0.142400 0.000000 0.000000 0.000000 0.466000 0.000000 0.000000 0.000000
0.000000 0.000000 0.797400 0.000000 0.078200 0.124400 0.000000 0.000000 0.000000 0.000000
0.000000 0.926000 0.000000 0.004800 0.000000 0.000000 0.069200 0.000000 0.000000 0.000000
0.000000 0.237400 0.000000 0.000000 0.000000 0.119400 0.000000 0.000000 0.000000 0.643200
0.648800 0.000000 0.000000 0.000000 0.000000 0.000000 0.000000 0.028600 0.322600 0.000000
0.000000 0.131400 0.000000 0.083400 0.000000 0.000000 0.000000 0.000000 0.000000 0.785200
0.262200 0.000000 0.000000 0.000000 0.323400 0.000000 0.000000 0.000000 0.000000 0.414400
0.000000 0.662600 0.000000 0.049600 0.000000 0.000000 0.287800 0.000000 0.000000 0.000000
0.000000 0.000000 0.000000 0.000000 0.329200 0.000000 0.252600 0.418200 0.000000 0.000000
0.041400 0.000000 0.477400 0.000000 0.000000 0.481200 0.000000 0.000000 0.000000 0.000000
