0.000000 0.015200 0.058600 0.073800 0.187000 0.063400 0.146200 0.161400 0.082800 0.211600
0.088800 0.000000 0.130200 0.051800 0.077200 0.075400 0.123600 0.131400 0.304000 0.017600
0.141400 0.053600 0.000000 0.010600 0.052600 0.007800 0.038000 0.059400 0.187800 0.448800
0.134000 0.033000 0.014800 0.000000 0.071800 0.002800 0.089000 0.050400 0.173200 0.431000
0.182400 0.043600 0.009400 0.008800 0.000000 0.028800 0.067600 0.003800 0.192200 0.463400
0.121200 0.021400 0.017800 0.000800 0.044400 0.000000 0.076200 0.053800 0.169000 0.495400
0.195400 0.031400 0.008000 0.003000 0.008400 0.007600 0.000000 0.080600 0.134200 0.531400
0.112000 0.011600 0.049200 0.016800 0.026200 0.007800 0.086000 0.000000 0.236000 0.454400
0.059800 0.006000 0.067000 0.049200 0.203800 0.044200 0.116600 0.187400 0.000000 0.266000
0.018400 0.000400 0.210200 0.069400 0.132000 0.118200 0.166800 0.186600 0.098000 0.000000
