0.000000 0.000000 0.000000 0.000000 0.000000 0.933600 0.000000 0.000000 0.046200 0.020200
0.000000 0.000000 0.124000 0.000000 0.064800 0.000000 0.000000 0.083600 0.727600 0.000000
0.000000 0.000000 0.000000 0.000000 0.000000 0.060400 0.063000 0.006000 0.000000 0.870600
0.000000 0.000000 0.042400 0.000000 0.032400 0.000000 0.000000 0.010800 0.000000 0.914400
0.000000 0.000000 0.045600 0.000000 0.000000 0.012000 0.000000 0.000000 0.473600 0.468800
0.000000 0.000000 0.054200 0.004400 0.043000 0.000000 0.000000 0.000000 0.000000 0.898400
0.000000 0.000000 0.025200 0.003400 0.012200 0.000000 0.000000 0.000000 0.000000 0.959200
0.000000 0.000000 0.122000 0.000000 0.000000 0.041000 0.000000 0.000000 0.406400 0.430600
0.000000 0.461600 0.160800 0.000000 0.351400 0.026200 0.000000 0.000000 0.000000 0.000000
0.000000 0.000000 0.118800 0.000000 0.085000 0.000000 0.000000 0.079000 0.717200 0.000000
