0.000000 0.015000 0.061800 0.066200 0.202400 0.055600 0.146800 0.169400 0.082600 0.200200
0.084600 0.000000 0.133200 0.053800 0.080000 0.072400 0.123400 0.132000 0.302600 0.018000
0.141400 0.056200 0.000000 0.006400 0.053800 0.010800 0.042400 0.055000 0.189200 0.444800
0.125000 0.032000 0.016400 0.000000 0.068800 0.003800 0.093800 0.041000 0.185600 0.433600
0.182800 0.037200 0.009400 0.009000 0.000000 0.027400 0.061800 0.005200 0.192600 0.474600
0.120200 0.020400 0.016400 0.000800 0.047400 0.000000 0.078800 0.050600 0.162600 0.502800
0.193800 0.035600 0.007000 0.003600 0.008200 0.007200 0.000000 0.075800 0.140400 0.528400
0.114600 0.013400 0.049800 0.021600 0.026000 0.004800 0.085600 0.000000 0.229800 0.454400
0.049600 0.003400 0.079000 0.049400 0.202000 0.048200 0.121600 0.180400 0.000000 0.266400
0.017000 0.000200 0.210400 0.069400 0.138600 0.104800 0.170600 0.189200 0.099800 0.000000
