0.002600 0.014800 0.051800 0.262600 0.124600 0.253600 0.152000 0.009400 0.015400 0.113200
0.043800 0.000000 0.174600 0.137400 0.180000 0.147000 0.214400 0.011600 0.089800 0.001400
0.134600 0.125600 0.001000 0.090400 0.075400 0.137600 0.093000 0.027200 0.185600 0.129600
0.162800 0.171400 0.046600 0.002600 0.113200 0.045400 0.143400 0.040200 0.153000 0.121400
0.157200 0.132800 0.016200 0.083200 0.003000 0.034800 0.170200 0.006600 0.253000 0.143000
0.134800 0.211800 0.140800 0.020400 0.073400 0.000600 0.145400 0.017800 0.133400 0.121600
0.212000 0.151400 0.005800 0.035600 0.034800 0.061200 0.024600 0.091400 0.268800 0.114400
0.144000 0.138200 0.045000 0.090000 0.100200 0.039000 0.178200 0.000600 0.097800 0.167000
0.028800 0.038800 0.077400 0.305200 0.119000 0.134400 0.118800 0.007000 0.000600 0.170000
0.027600 0.000200 0.126400 0.132800 0.297600 0.121000 0.246800 0.005200 0.042200 0.000200
