0.000000 0.318200 0.112400 0.103000 0.000000 0.000000 0.466400 0.000000 0.000000 0.000000
0.000000 0.000000 0.396600 0.000000 0.141000 0.000000 0.428200 0.000000 0.000000 0.034200
0.000000 0.185000 0.000000 0.000000 0.161800 0.011200 0.000000 0.000000 0.000000 0.642000
0.026800 0.000400 0.000000 0.000000 0.000000 0.000000 0.000000 0.000000 0.496200 0.476600
0.377600 0.281800 0.000000 0.198800 0.000000 0.141800 0.000000 0.000000 0.000000 0.000000
0.000000 0.165600 0.000000 0.016400 0.000000 0.000000 0.000000 0.098000 0.000000 0.720000
0.475000 0.273000 0.000000 0.000000 0.103000 0.000000 0.000000 0.149000 0.000000 0.000000
0.000000 0.714800 0.084000 0.000000 0.000000 0.050200 0.151000 0.000000 0.000000 0.000000
0.265400 0.000000 0.000000 0.085600 0.000000 0.394200 0.254800 0.000000 0.000000 0.000000
0.000000 0.000600 0.458200 0.000000 0.000000 0.000000 0.429200 0.000000 0.112000 0.000000
