0.000000 0.548800 0.000000 0.000000 0.000000 0.000000 0.073000 0.378200 0.000000 0.000000
0.993800 0.000000 0.000000 0.000000 0.000000 0.005000 0.001200 0.000000 0.000000 0.000000
0.971600 0.000000 0.000000 0.000000 0.000000 0.020800 0.007600 0.000000 0.000000 0.000000
0.284400 0.000000 0.000000 0.000000 0.660000 0.000000 0.000000 0.000000 0.055600 0.000000
0.839600 0.017400 0.000000 0.129400 0.000000 0.000000 0.013600 0.000000 0.000000 0.000000
0.675400 0.004600 0.000000 0.319400 0.000000 0.000000 0.000000 0.000000 0.000600 0.000000
0.000200 0.000000 0.000000 0.000000 0.000000 0.000000 0.000000 0.000000 0.314600 0.685200
0.619200 0.000000 0.000000 0.000000 0.000000 0.000000 0.380800 0.000000 0.000000 0.000000
0.068000 0.000000 0.000000 0.000200 0.000000 0.000000 0.000400 0.931400 0.000000 0.000000
0.880600 0.000000 0.000000 0.000200 0.119200 0.000000 0.000000 0.000000 0.000000 0.000000
