0.034000 0.966000 0.000000 0.000000 0.000000 0.000000 0.000000 0.000000 0.000000 0.000000
0.000000 0.000000 0.000000 0.330000 0.670000 0.000000 0.000000 0.000000 0.000000 0.000000
0.000000 0.000000 0.086000 0.914000 0.000000 0.000000 0.000000 0.000000 0.000000 0.000000
0.000000 0.829000 0.000000 0.000000 0.000000 0.000000 0.000000 0.000000 0.171000 0.000000
0.000000 0.799800 0.000000 0.000000 0.000000 0.000000 0.200200 0.000000 0.000000 0.000000
0.119800 0.000000 0.000000 0.000000 0.000000 0.000000 0.000000 0.000000 0.000000 0.880200
0.000000 0.973000 0.000000 0.027000 0.000000 0.000000 0.000000 0.000000 0.000000 0.000000
0.000000 0.000000 0.000000 0.481200 0.000000 0.000000 0.000000 0.000000 0.518800 0.000000
0.072000 0.000000 0.000000 0.000000 0.000000 0.000000 0.000000 0.000000 0.000000 0.928000
0.000000 0.000000 0.000000 0.634000 0.000000 0.000000 0.000000 0.000000 0.366000 0.000000
