0.001000 0.030000 0.744600 0.000000 0.000000 0.000000 0.000000 0.000000 0.224400 0.000000
0.000000 0.000000 0.000000 0.000000 0.000000 0.000000 0.000000 0.681200 0.318800 0.000000
0.000000 0.000000 0.039400 0.000000 0.269600 0.304400 0.000000 0.386600 0.000000 0.000000
0.000000 0.000000 0.290600 0.000800 0.000000 0.215000 0.000000 0.493600 0.000000 0.000000
0.000000 0.000000 0.488200 0.000000 0.004800 0.406200 0.000000 0.100800 0.000000 0.000000
0.000000 0.000000 0.096000 0.000000 0.000000 0.000200 0.000000 0.073400 0.000000 0.830400
0.000000 0.000000 0.176000 0.026800 0.000000 0.763200 0.034000 0.000000 0.000000 0.000000
0.000000 0.000000 0.000000 0.000000 0.183400 0.035200 0.000000 0.000400 0.000000 0.781000
0.000000 0.017800 0.729600 0.000000 0.000000 0.000000 0.000000 0.000000 0.000600 0.252000
0.000000 0.000400 0.000000 0.000000 0.000000 0.000000 0.000000 0.783400 0.216200 0.000000
