0.000400 0.032400 0.043200 0.086200 0.166400 0.121400 0.278000 0.050200 0.042600 0.179200
0.066800 0.000000 0.149200 0.190000 0.105800 0.099400 0.282400 0.013800 0.090400 0.002200
0.144800 0.143400 0.001600 0.079200 0.116000 0.103600 0.115600 0.005200 0.101200 0.189400
0.240600 0.184800 0.051000 0.003200 0.061800 0.064400 0.163400 0.013000 0.133400 0.084400
0.276600 0.122800 0.013400 0.089200 0.003800 0.043400 0.161800 0.001000 0.126600 0.161400
0.195800 0.167200 0.125600 0.045600 0.082200 0.000600 0.151800 0.005400 0.138800 0.087000
0.380400 0.178200 0.008400 0.058200 0.022000 0.095800 0.032800 0.010600 0.127800 0.085800
0.153800 0.119200 0.028600 0.196000 0.084000 0.047600 0.178000 0.000000 0.113000 0.079800
0.013800 0.050400 0.062400 0.157600 0.152000 0.081600 0.236400 0.094600 0.000200 0.151000
0.038600 0.000400 0.085000 0.299800 0.115000 0.052400 0.265400 0.038800 0.104600 0.000000
