0.000200 0.000600 0.000000 0.000000 0.418600 0.198600 0.359000 0.000000 0.000000 0.023000
0.016600 0.000000 0.000000 0.382600 0.525800 0.000000 0.000000 0.000000 0.068000 0.007000
0.216800 0.177200 0.000000 0.083600 0.196800 0.071800 0.000000 0.000000 0.253800 0.000000
0.276400 0.000000 0.000000 0.001600 0.202200 0.038200 0.156000 0.000000 0.325600 0.000000
0.798000 0.000000 0.033800 0.042200 0.000600 0.000000 0.108000 0.017400 0.000000 0.000000
0.000000 0.174200 0.039400 0.000000 0.000000 0.000600 0.177600 0.049600 0.000000 0.558600
0.292600 0.246000 0.021000 0.026400 0.000000 0.158000 0.000000 0.000000 0.256000 0.000000
0.222400 0.000000 0.000000 0.063400 0.072200 0.012000 0.000000 0.000000 0.197000 0.433000
0.000000 0.000400 0.287000 0.000000 0.322000 0.000000 0.298800 0.000000 0.001200 0.090600
0.005800 0.000000 0.000000 0.214000 0.000000 0.356000 0.000000 0.423800 0.000000 0.000400
