0.000200 0.004000 0.117400 0.148200 0.222800 0.163000 0.211600 0.000000 0.031600 0.101200
0.029400 0.000000 0.198400 0.000000 0.188000 0.154400 0.205600 0.173000 0.049200 0.002000
0.086000 0.043600 0.003800 0.011800 0.072800 0.027600 0.049200 0.000000 0.169800 0.535400
0.118000 0.026200 0.028800 0.000800 0.095400 0.007000 0.088600 0.000000 0.187000 0.448200
0.320800 0.253600 0.019200 0.018800 0.000800 0.043000 0.068800 0.008200 0.266800 0.000000
0.145000 0.023000 0.050400 0.000800 0.061000 0.000000 0.118000 0.057600 0.000000 0.544200
0.186800 0.047400 0.013800 0.004800 0.017000 0.000000 0.008200 0.078000 0.162000 0.482000
0.000000 0.049400 0.030800 0.016000 0.025400 0.005000 0.076200 0.000200 0.215400 0.581600
0.010400 0.001000 0.115000 0.115200 0.208000 0.116200 0.000000 0.273400 0.002200 0.158600
0.009400 0.000200 0.208200 0.107400 0.000000 0.240600 0.222200 0.190200 0.021000 0.000800
