0.145800 0.100400 0.088600 0.234200 0.021200 0.195600 0.020400 0.024200 0.063000 0.106600
0.151600 0.098200 0.088600 0.238000 0.020400 0.187800 0.019400 0.026600 0.058000 0.111400
0.144400 0.093800 0.089000 0.242600 0.023000 0.197200 0.013800 0.026200 0.059600 0.110400
0.143200 0.099600 0.090200 0.233200 0.021200 0.196800 0.022000 0.022400 0.059200 0.112200
0.153800 0.094000 0.094600 0.238600 0.020400 0.193200 0.017000 0.025200 0.060000 0.103200
0.146400 0.105800 0.088800 0.248800 0.021600 0.189800 0.019800 0.024000 0.056000 0.099000
0.147000 0.095800 0.095200 0.235400 0.022600 0.186200 0.022600 0.021000 0.064600 0.109600
0.146600 0.095000 0.091000 0.235800 0.018200 0.196400 0.020200 0.026800 0.059600 0.110400
0.138200 0.104000 0.093400 0.236000 0.020600 0.190000 0.024400 0.024400 0.058600 0.110400
0.144000 0.103800 0.098200 0.232400 0.019600 0.190800 0.020400 0.027400 0.060400 0.103000
