0.001600 0.012000 0.344600 0.039000 0.015800 0.005000 0.005800 0.009000 0.532400 0.034800
0.008600 0.000000 0.002800 0.006400 0.000200 0.002600 0.003000 0.000200 0.010400 0.965800
0.470200 0.002200 0.002000 0.229200 0.083000 0.081200 0.097600 0.022400 0.008800 0.003400
0.013200 0.002000 0.035600 0.005400 0.010600 0.878800 0.025000 0.015600 0.006200 0.007600
0.030200 0.001800 0.293800 0.334000 0.005800 0.114600 0.050400 0.159600 0.007800 0.002000
0.004600 0.000200 0.031200 0.910800 0.006200 0.012800 0.005600 0.025200 0.002600 0.000800
0.012000 0.006600 0.161400 0.779600 0.010200 0.014400 0.001600 0.002600 0.007200 0.004400
0.014200 0.002000 0.022800 0.038600 0.081200 0.827400 0.003000 0.000800 0.002200 0.007800
0.888400 0.032600 0.008400 0.013400 0.001400 0.003600 0.003600 0.002000 0.001000 0.045600
0.024200 0.927000 0.004600 0.010400 0.001200 0.001600 0.000800 0.004200 0.021400 0.004600
