0.000000 0.160800 0.159000 0.031200 0.037400 0.011600 0.020800 0.088800 0.205200 0.285200
0.027800 0.000000 0.035400 0.004600 0.000800 0.003800 0.008000 0.074200 0.055600 0.789800
0.161200 0.028600 0.000000 0.119200 0.143800 0.146200 0.203600 0.110800 0.022000 0.064600
0.044400 0.023400 0.093400 0.000000 0.075600 0.454400 0.082400 0.056400 0.018800 0.151200
0.036000 0.011600 0.116000 0.107000 0.000000 0.111200 0.212200 0.329800 0.022200 0.054000
0.023800 0.023000 0.153600 0.472200 0.053000 0.000000 0.058600 0.151600 0.007800 0.056400
0.116400 0.024200 0.126800 0.215800 0.370800 0.051000 0.000000 0.016400 0.012000 0.066600
0.048200 0.172000 0.048600 0.045200 0.279200 0.200400 0.079600 0.000000 0.011600 0.115200
0.272400 0.158200 0.178400 0.029200 0.008000 0.005200 0.022600 0.006400 0.000000 0.319600
0.041000 0.565400 0.010800 0.009800 0.002400 0.006200 0.015600 0.285800 0.063000 0.000000
