0.003633 0.105782 0.113877 0.109251 0.107517 0.113877 0.104047 0.113299 0.110986 0.117731
0.116848 0.005350 0.106436 0.113819 0.115144 0.112304 0.108518 0.099432 0.111737 0.110411
0.109282 0.114309 0.003316 0.111989 0.106381 0.106574 0.101740 0.115469 0.113342 0.117596
0.105575 0.108651 0.116148 0.003881 0.106728 0.114995 0.109227 0.112303 0.116917 0.105575
0.114653 0.115795 0.106851 0.110657 0.004851 0.106280 0.110086 0.118269 0.111037 0.101522
0.114743 0.110207 0.106427 0.108506 0.112286 0.005492 0.102268 0.109829 0.114554 0.115688
0.105940 0.117640 0.112600 0.109000 0.110080 0.107380 0.010000 0.105040 0.110800 0.111520
0.111748 0.102570 0.108994 0.116704 0.111381 0.109729 0.108994 0.008221 0.110279 0.111381
0.114000 0.105600 0.114600 0.114200 0.107000 0.108400 0.118000 0.107000 0.000000 0.111200
0.109313 0.110089 0.115909 0.105432 0.112999 0.114745 0.109701 0.100776 0.118043 0.002995
