0.000000 0.106000 0.114400 0.109600 0.107800 0.114400 0.104200 0.113800 0.111400 0.118400
0.117800 0.000000 0.106800 0.114600 0.116000 0.113000 0.109000 0.099400 0.112400 0.111000
0.109600 0.114800 0.000000 0.112400 0.106600 0.106800 0.101800 0.116000 0.113800 0.118200
0.105800 0.109000 0.116800 0.000000 0.107000 0.115600 0.109600 0.112800 0.117600 0.105800
0.115400 0.116600 0.107200 0.111200 0.000000 0.106600 0.110600 0.119200 0.111600 0.101600
0.115600 0.110800 0.106800 0.109000 0.113000 0.000000 0.102400 0.110400 0.115400 0.116600
0.106600 0.119600 0.114000 0.110000 0.111200 0.108200 0.000000 0.105600 0.112000 0.112800
0.112800 0.102800 0.109800 0.118200 0.112400 0.110600 0.109800 0.000000 0.111200 0.112400
0.114000 0.105600 0.114600 0.114200 0.107000 0.108400 0.118000 0.107000 0.000000 0.111200
0.109600 0.110400 0.116400 0.105600 0.113400 0.115200 0.110000 0.100800 0.118600 0.000000
