0.000000 0.003000 0.003000 0.003000 0.003000 0.333681 0.003000 0.306573 0.003000 0.341746
0.548230 0.000000 0.003000 0.003000 0.430770 0.003000 0.003000 0.003000 0.003000 0.003000
0.003000 0.310714 0.000000 0.003000 0.003000 0.003000 0.003000 0.322012 0.003000 0.349273
0.003000 0.003000 0.318558 0.000000 0.003000 0.324405 0.003000 0.003000 0.339037 0.003000
0.003000 0.355032 0.003000 0.003000 0.000000 0.003000 0.261764 0.365205 0.003000 0.003000
0.391968 0.003000 0.003000 0.003000 0.003000 0.000000 0.003000 0.003000 0.298728 0.291304
0.003000 0.336305 0.357086 0.003000 0.288609 0.003000 0.000000 0.003000 0.003000 0.003000
0.003000 0.003000 0.003000 0.381931 0.319348 0.003000 0.280722 0.000000 0.003000 0.003000
0.003000 0.003000 0.003000 0.517731 0.003000 0.003000 0.461269 0.003000 0.000000 0.003000
0.003000 0.003000 0.314853 0.003000 0.003000 0.325702 0.003000 0.003000 0.341444 0.000000
