0.000000 0.003333 0.080000 0.080000 0.003333 0.250000 0.250000 0.250000 0.003333 0.080000
0.080000 0.000000 0.080000 0.250000 0.250000 0.250000 0.080000 0.003333 0.003333 0.003333
0.080000 0.250000 0.000000 0.250000 0.003333 0.250000 0.080000 0.003333 0.003333 0.080000
0.003333 0.250000 0.080000 0.000000 0.080000 0.080000 0.003333 0.250000 0.250000 0.003333
0.080000 0.250000 0.003333 0.003333 0.000000 0.080000 0.080000 0.250000 0.003333 0.250000
0.003333 0.250000 0.080000 0.080000 0.250000 0.000000 0.003333 0.003333 0.250000 0.080000
0.250000 0.003333 0.080000 0.080000 0.003333 0.250000 0.000000 0.250000 0.003333 0.080000
0.003333 0.250000 0.250000 0.080000 0.080000 0.250000 0.003333 0.000000 0.003333 0.080000
0.003333 0.003333 0.250000 0.250000 0.080000 0.080000 0.080000 0.003333 0.000000 0.250000
0.080000 0.003333 0.250000 0.080000 0.250000 0.003333 0.080000 0.003333 0.250000 0.000000
