0.000  0.012  0.555  0.022  0.009  0.008  0.003  0.006  0.370  0.016
0.033  0.000  0.007  0.029  0.000  0.012  0.005  0.003  0.880  0.031
0.262  0.002  0.000  0.442  0.116  0.077  0.075  0.014  0.007  0.005
0.033  0.010  0.200  0.000  0.102  0.097  0.463  0.062  0.017  0.016
0.018  0.002  0.311  0.445  0.001  0.102  0.016  0.096  0.006  0.004
0.013  0.006  0.139  0.066  0.038  0.000  0.024  0.705  0.004  0.005
0.008  0.003  0.768  0.182  0.009  0.019  0.000  0.002  0.004  0.006
0.005  0.003  0.020  0.027  0.801  0.135  0.003  0.000  0.002  0.004
0.082  0.062  0.016  0.031  0.006  0.007  0.003  0.005  0.000  0.788
0.452  0.055  0.009  0.033  0.003  0.010  0.003  0.009  0.425  0.000
