0.000000 0.083333 0.100000 0.100000 0.083333 0.150000 0.150000 0.150000 0.083333 0.100000
0.100000 0.000000 0.100000 0.150000 0.150000 0.150000 0.100000 0.083333 0.083333 0.083333
0.100000 0.150000 0.000000 0.150000 0.083333 0.150000 0.100000 0.083333 0.083333 0.100000
0.083333 0.150000 0.100000 0.000000 0.100000 0.100000 0.083333 0.150000 0.150000 0.083333
0.100000 0.150000 0.083333 0.083333 0.000000 0.100000 0.100000 0.150000 0.083333 0.150000
0.083333 0.150000 0.100000 0.100000 0.150000 0.000000 0.083333 0.083333 0.150000 0.100000
0.150000 0.083333 0.100000 0.100000 0.083333 0.150000 0.000000 0.150000 0.083333 0.100000
0.083333 0.150000 0.150000 0.100000 0.100000 0.150000 0.083333 0.000000 0.083333 0.100000
0.083333 0.083333 0.150000 0.150000 0.100000 0.100000 0.100000 0.083333 0.000000 0.150000
0.100000 0.083333 0.150000 0.100000 0.150000 0.083333 0.100000 0.083333 0.150000 0.000000
